0 0.138609 0.800403 0.138105 0.172043
6 0.308468 0.692876 0.127016 0.188172
6 0.481855 0.699597 0.090726 0.185484
8 0.560988 0.919019 0.146169 0.161962
7 0.903730 0.586022 0.190524 0.237903
9 0.697077 0.351478 0.115927 0.220430
10 0.515121 0.461022 0.149194 0.275538
1 0.344758 0.452285 0.135081 0.223118
4 0.164315 0.356855 0.183468 0.301075
6 0.303931 0.129032 0.087702 0.168011
6 0.433468 0.137769 0.074597 0.166667
6 0.490927 0.238575 0.076613 0.166667
6 0.551411 0.315860 0.074597 0.151882
11 0.655242 0.174731 0.127016 0.334677
2 0.062500 0.347446 0.125000 0.212366
9 0.534274 0.097446 0.080645 0.193548