5 0.147681 0.686828 0.226815 0.286290
0 0.362399 0.686156 0.119960 0.174731
0 0.531754 0.817204 0.121976 0.178763
6 0.695060 0.755376 0.130040 0.184140
0 0.330141 0.516801 0.105847 0.169355
0 0.304435 0.387769 0.110887 0.169355
0 0.257560 0.167339 0.099798 0.172043
0 0.377520 0.226478 0.081653 0.161290
2 0.413810 0.307796 0.111895 0.221774
1 0.742440 0.500672 0.160282 0.250000
4 0.576109 0.364919 0.142137 0.298387
3 0.356855 0.119624 0.094758 0.208333
6 0.884577 0.831317 0.158266 0.169355
6 0.668347 0.135753 0.080645 0.178763
6 0.805948 0.190860 0.115927 0.157258
6 0.880544 0.301075 0.115927 0.168011
9 0.923387 0.142473 0.129032 0.205645
10 0.916331 0.575941 0.167339 0.274194