0 0.067036 0.592742 0.134073 0.170699
0 0.226815 0.459677 0.122984 0.170699
0 0.313508 0.651210 0.114919 0.166667
0 0.453629 0.670027 0.110887 0.174731
0 0.588710 0.707661 0.112903 0.166667
0 0.764617 0.570565 0.138105 0.174731
3 0.102319 0.440188 0.158266 0.198925
2 0.339718 0.465726 0.137097 0.220430
2 0.906250 0.929772 0.187500 0.140457
4 0.471774 0.287634 0.145161 0.307796
5 0.622984 0.471102 0.125000 0.317204
1 0.650706 0.227151 0.109879 0.237903
10 0.791835 0.118616 0.152218 0.237231
6 0.781754 0.381720 0.111895 0.176075
6 0.870968 0.259409 0.120968 0.192204
6 0.328125 0.108871 0.105847 0.165323