0 0.204133 0.453629 0.146169 0.193548
0 0.323085 0.543683 0.128024 0.185484
0 0.435988 0.646505 0.136089 0.189516
0 0.651714 0.608871 0.146169 0.202957
0 0.196069 0.239247 0.119960 0.194892
0 0.054940 0.282258 0.109879 0.184140
3 0.106855 0.172043 0.151210 0.219086
2 0.287298 0.303763 0.151210 0.237903
4 0.472278 0.194892 0.152218 0.334677
5 0.525706 0.430108 0.156250 0.356183
1 0.686996 0.206317 0.146169 0.276882
10 0.880544 0.146169 0.222782 0.292339
6 0.920363 0.352151 0.147177 0.202957
6 0.758065 0.435484 0.129032 0.194892