0 0.047883 0.289651 0.095766 0.198925
0 0.200605 0.239247 0.133065 0.200269
0 0.208669 0.459005 0.151210 0.182796
0 0.321069 0.547043 0.138105 0.192204
0 0.434980 0.651882 0.140121 0.181452
0 0.655746 0.612903 0.150202 0.211022
3 0.110887 0.167339 0.149194 0.220430
2 0.285282 0.302419 0.153226 0.254032
4 0.468750 0.191532 0.153226 0.344086
5 0.526714 0.424731 0.146169 0.353495
1 0.685484 0.205645 0.141129 0.275538
6 0.765121 0.447581 0.133065 0.194892
6 0.917339 0.359543 0.147177 0.204301
10 0.882560 0.140793 0.208669 0.281586