0 0.078629 0.296371 0.106855 0.145161
0 0.201613 0.269489 0.082661 0.153226
0 0.197077 0.375000 0.101815 0.157258
0 0.275202 0.432124 0.096774 0.169355
0 0.356351 0.482527 0.109879 0.170699
0 0.524194 0.454973 0.098790 0.182796
0 0.680444 0.731183 0.141129 0.229839
3 0.145665 0.223790 0.101815 0.177419
3 0.742440 0.561156 0.128024 0.231183
2 0.260081 0.289651 0.102823 0.196237
2 0.486391 0.756048 0.134073 0.260753
4 0.390625 0.225134 0.115927 0.258065
5 0.218750 0.534274 0.191532 0.362903
1 0.548891 0.234543 0.077621 0.201613
6 0.599798 0.356855 0.070565 0.177419
6 0.712702 0.307796 0.080645 0.173387
6 0.486895 0.089382 0.054435 0.137097
6 0.560484 0.106855 0.058468 0.139785
10 0.679435 0.175403 0.102823 0.252688
9 0.738407 0.098118 0.075605 0.181452
7 0.923891 0.149194 0.126008 0.216398
8 0.839214 0.352151 0.119960 0.248656