0 0.148690 0.652554 0.164315 0.193548
0 0.090222 0.442204 0.158266 0.189516
0 0.130040 0.291667 0.133065 0.189516
0 0.167339 0.167339 0.116935 0.185484
2 0.268649 0.150538 0.136089 0.243280
4 0.362903 0.252016 0.161290 0.319892
1 0.481351 0.483871 0.117944 0.237903
6 0.320060 0.698925 0.123992 0.173387
6 0.466734 0.864247 0.110887 0.157258
6 0.763105 0.532930 0.135081 0.180108
6 0.758065 0.370968 0.131048 0.189516
6 0.744456 0.213038 0.103831 0.182796
6 0.628024 0.099798 0.084677 0.199597
11 0.916835 0.501344 0.162298 0.270161
10 0.636593 0.651882 0.192540 0.291667
9 0.909274 0.727823 0.181452 0.193548
9 0.885585 0.215726 0.146169 0.204301