0 0.358871 0.767473 0.175403 0.248656
0 0.141633 0.681452 0.176411 0.240591
0 0.102823 0.510081 0.167339 0.204301
0 0.077117 0.387769 0.154234 0.185484
3 0.109375 0.111559 0.126008 0.181452
2 0.173387 0.295699 0.171371 0.270161
4 0.351815 0.260081 0.179435 0.368280
1 0.568044 0.362231 0.121976 0.287634
6 0.554435 0.646505 0.120968 0.232527
6 0.775202 0.639113 0.161290 0.236559
6 0.694556 0.147177 0.092742 0.204301
6 0.467238 0.078293 0.097782 0.156586
6 0.605847 0.085685 0.084677 0.171371
11 0.902218 0.134745 0.153226 0.269489
10 0.811492 0.352151 0.211694 0.353495
8 0.908266 0.856519 0.183468 0.286962