1 0.089527 0.438063 0.145270 0.164414
1 0.803209 0.824324 0.146959 0.157658
2 0.660191 0.728228 0.095721 0.165165
2 0.343938 0.302803 0.098536 0.162663
3 0.196791 0.240991 0.099662 0.153153
3 0.837838 0.519144 0.118243 0.164414
4 0.319257 0.545045 0.155405 0.198198
5 0.445101 0.600225 0.119932 0.191441
0 0.150040 0.335188 0.097377 0.124536
0 0.272754 0.274907 0.082472 0.125861
0 0.314487 0.415342 0.080485 0.115262
0 0.400437 0.454425 0.081479 0.129836
0 0.490859 0.498808 0.083466 0.128511
0 0.626490 0.441839 0.078498 0.136460
0 0.811804 0.676338 0.103339 0.123211
8 0.897804 0.283784 0.133446 0.189189
6 0.766047 0.243243 0.082770 0.148649
6 0.676520 0.323198 0.072635 0.141892