11 0.502534 0.270270 0.092905 0.274775
8 0.266892 0.165541 0.111486 0.177928
8 0.646959 0.932432 0.118243 0.135135
7 0.207770 0.114865 0.101351 0.171171
7 0.804899 0.496622 0.133446 0.195946
9 0.591216 0.388514 0.094595 0.177928
9 0.352477 0.218468 0.083333 0.163664
10 0.414696 0.219595 0.109797 0.222973
6 0.156250 0.231982 0.092905 0.139640
6 0.221284 0.266892 0.094595 0.137387
6 0.296453 0.324324 0.086149 0.144144
6 0.378378 0.371622 0.084459 0.144144
6 0.463682 0.425676 0.092905 0.139640
6 0.519426 0.809685 0.099662 0.128378
6 0.374155 0.893018 0.113176 0.141892