11 0.527872 0.665541 0.130068 0.313063
2 0.176309 0.076014 0.085515 0.152027
3 0.100507 0.113739 0.099662 0.168919
0 0.309966 0.063063 0.089527 0.126126
0 0.300676 0.148649 0.091216 0.157658
0 0.171453 0.177928 0.099662 0.148649
0 0.106419 0.242117 0.111486 0.159910
0 0.040541 0.319820 0.081081 0.166667
8 0.729730 0.350225 0.121622 0.204955
7 0.777872 0.247748 0.089527 0.193694
9 0.431588 0.893018 0.136824 0.191441
9 0.671128 0.453915 0.088358 0.178448
10 0.630068 0.540541 0.141892 0.283784
6 0.067568 0.737613 0.135135 0.182432
6 0.657095 0.237613 0.077703 0.173423
6 0.605574 0.297297 0.076014 0.153153
6 0.554054 0.393018 0.070946 0.141892
6 0.489020 0.512387 0.089527 0.150901
6 0.414696 0.654279 0.089527 0.168919
6 0.309122 0.806306 0.131757 0.184685