11 0.360642 0.120495 0.119932 0.240991
3 0.831081 0.721847 0.152027 0.195946
0 0.558277 0.792793 0.126689 0.171171
0 0.899493 0.927928 0.160473 0.144144
8 0.056588 0.202703 0.113176 0.211712
7 0.657939 0.100225 0.086149 0.200450
9 0.460304 0.144144 0.065878 0.198198
9 0.169764 0.185811 0.106419 0.182432
10 0.239020 0.135135 0.126689 0.234234
8 0.758446 0.394144 0.131757 0.229730
6 0.598818 0.429054 0.089527 0.182432
6 0.485642 0.251126 0.076014 0.168919
6 0.370777 0.255631 0.082770 0.155405
6 0.274493 0.284910 0.109797 0.168919
6 0.159628 0.310811 0.086149 0.184685