11 0.724240 0.200450 0.070101 0.175676
1 0.210679 0.349725 0.067568 0.100100
1 0.512857 0.861486 0.073198 0.101351
2 0.458748 0.752726 0.067568 0.099573
2 0.242983 0.406705 0.079262 0.107415
3 0.277309 0.469219 0.067568 0.093844
3 0.628285 0.696947 0.069444 0.101351
4 0.311149 0.512613 0.093919 0.144144
5 0.365187 0.581296 0.090894 0.141570
0 0.276303 0.306735 0.057915 0.096525
0 0.303250 0.363578 0.053893 0.092235
0 0.347088 0.420420 0.061133 0.085800
0 0.387709 0.475118 0.049067 0.092235
0 0.426721 0.540541 0.054698 0.087945
0 0.525257 0.556092 0.057111 0.093308
0 0.568694 0.775418 0.060328 0.090090
8 0.744827 0.570805 0.086571 0.116836
8 0.586993 0.094313 0.062289 0.118243
7 0.547579 0.051927 0.046922 0.103854
7 0.885886 0.386637 0.091029 0.122623
9 0.632977 0.142017 0.058183 0.118869
9 0.761074 0.287162 0.064752 0.118869
10 0.679698 0.156585 0.073198 0.152295
6 0.678632 0.485923 0.061655 0.097973
6 0.507601 0.109234 0.042230 0.094595
6 0.538851 0.146959 0.047297 0.093468
6 0.581503 0.189752 0.046453 0.095721
6 0.628378 0.237050 0.043919 0.097973
6 0.673986 0.281532 0.045608 0.094595
6 0.720439 0.343468 0.048986 0.099099