11 0.299831 0.147523 0.153716 0.295045
3 0.891892 0.891892 0.179054 0.171171
0 0.678209 0.746622 0.126689 0.155405
8 0.480574 0.439189 0.106419 0.220721
7 0.653716 0.102477 0.111486 0.204955
9 0.438345 0.184685 0.106419 0.225225
9 0.079392 0.262387 0.138514 0.191441
10 0.163007 0.188063 0.177365 0.277027
6 0.085304 0.429054 0.140203 0.173423
6 0.224662 0.370495 0.131757 0.164414
6 0.337838 0.345721 0.097973 0.164414
6 0.465372 0.302928 0.092905 0.155405
6 0.629223 0.543919 0.103041 0.168919
6 0.782095 0.501126 0.118243 0.177928