11 0.406250 0.119369 0.113176 0.238739
3 0.780405 0.852477 0.135135 0.141892
0 0.641892 0.694820 0.091216 0.114865
0 0.543074 0.867117 0.099662 0.126126
8 0.101351 0.167793 0.135135 0.186937
7 0.723818 0.126126 0.103041 0.211712
9 0.215372 0.166667 0.113176 0.166667
9 0.518581 0.161036 0.091216 0.173423
10 0.288007 0.127252 0.130068 0.236486
8 0.521115 0.398649 0.089527 0.171171
6 0.760980 0.524775 0.103041 0.135135
6 0.632601 0.512387 0.096284 0.128378
6 0.416385 0.280405 0.092905 0.137387
6 0.524071 0.280968 0.071791 0.131757
6 0.316723 0.288288 0.091216 0.141892
6 0.206926 0.298423 0.101351 0.146396
6 0.094172 0.300676 0.110642 0.121622