11 0.784628 0.117117 0.136824 0.234234
3 0.265203 0.748874 0.152027 0.213964
0 0.392736 0.518018 0.113176 0.184685
0 0.079392 0.818694 0.158784 0.213964
0 0.233953 0.427928 0.126689 0.216216
0 0.094595 0.296171 0.125000 0.186937
0 0.090372 0.181306 0.113176 0.186937
0 0.092061 0.091216 0.106419 0.168919
8 0.603041 0.292793 0.118243 0.243243
7 0.929054 0.497748 0.141892 0.225225
9 0.810811 0.242117 0.141892 0.227477
6 0.577703 0.666667 0.111486 0.207207
6 0.538851 0.478604 0.111486 0.195946
6 0.710304 0.288288 0.099662 0.180180
6 0.677365 0.165541 0.087838 0.182432