1 0.392736 0.631757 0.146959 0.209459
2 0.319257 0.498874 0.135135 0.177928
2 0.056588 0.087838 0.096284 0.135135
3 0.573480 0.408784 0.096284 0.191441
4 0.105574 0.175957 0.111909 0.180180
5 0.184685 0.266517 0.184685 0.289790
0 0.493619 0.525526 0.092905 0.163914
0 0.587932 0.227728 0.082583 0.172673
0 0.438720 0.244620 0.097598 0.161411
0 0.304992 0.240240 0.100413 0.162663
0 0.243056 0.168293 0.081644 0.146396
0 0.201295 0.110110 0.088213 0.147648
6 0.676520 0.136261 0.082770 0.168919
6 0.877534 0.086712 0.099662 0.173423