1 0.124155 0.466216 0.157095 0.220721
2 0.235642 0.346847 0.123311 0.202703
3 0.351351 0.611486 0.097973 0.186937
4 0.433277 0.096847 0.099662 0.193694
5 0.377534 0.140766 0.099662 0.281532
0 0.243123 0.551802 0.109797 0.168919
0 0.539334 0.579151 0.096525 0.162484
0 0.483229 0.394949 0.085666 0.164093
0 0.465734 0.234073 0.074807 0.152831
0 0.508567 0.160071 0.068774 0.162484
0 0.558036 0.094112 0.063948 0.152831
8 0.831081 0.594595 0.175676 0.184685
6 0.669764 0.677928 0.116554 0.171171
6 0.927365 0.681306 0.145270 0.137387