1 0.244932 0.612613 0.148649 0.211712
2 0.345439 0.485360 0.119932 0.186937
2 0.612331 0.081081 0.076014 0.162162
3 0.417230 0.371622 0.081081 0.189189
3 0.562500 0.119369 0.070946 0.175676
4 0.527344 0.173142 0.099240 0.261824
5 0.475507 0.240991 0.089527 0.310811
0 0.372748 0.703453 0.103604 0.169670
0 0.667793 0.728979 0.101351 0.157658
0 0.599099 0.521772 0.090090 0.154655
0 0.570383 0.351351 0.079955 0.156156
0 0.612050 0.267267 0.068694 0.162162
0 0.657095 0.186186 0.066441 0.156156
0 0.688626 0.106607 0.066441 0.141141
0 0.729730 0.063814 0.060811 0.127628
8 0.935811 0.729730 0.128378 0.234234
6 0.809966 0.826577 0.119932 0.157658