11 0.890203 0.418919 0.219595 0.310811
4 0.083615 0.110360 0.167230 0.220721
5 0.064189 0.210586 0.128378 0.304054
0 0.260135 0.640766 0.128378 0.159910
0 0.190034 0.449324 0.130068 0.168919
0 0.160473 0.262387 0.131757 0.168919
0 0.217061 0.156532 0.109797 0.186937
0 0.265203 0.076577 0.097973 0.153153
8 0.566723 0.550676 0.109797 0.222973
8 0.897804 0.109234 0.140203 0.218468
9 0.834459 0.679054 0.158784 0.200450
9 0.883446 0.229730 0.135135 0.202703
10 0.906250 0.292793 0.180743 0.283784
6 0.412162 0.693694 0.108108 0.184685
6 0.690878 0.628378 0.125000 0.166667
6 0.732264 0.466216 0.103041 0.171171
6 0.737331 0.332207 0.109797 0.182432
6 0.755068 0.204955 0.101351 0.175676