11 0.635135 0.158408 0.081081 0.247748
2 0.219595 0.959459 0.128378 0.081081
3 0.149493 0.884009 0.143581 0.146396
4 0.063345 0.620495 0.126689 0.177928
5 0.090918 0.745231 0.181836 0.160307
0 0.486486 0.685248 0.089527 0.125000
0 0.341639 0.695383 0.085304 0.113739
0 0.201014 0.667230 0.104730 0.104730
0 0.152872 0.563626 0.099662 0.113739
0 0.114020 0.481419 0.101351 0.097973
0 0.065034 0.403153 0.096284 0.105856
0 0.043919 0.322072 0.087838 0.112613
7 0.860642 0.421171 0.136824 0.175676
9 0.695101 0.281532 0.089527 0.162162
9 0.521115 0.084459 0.059122 0.146396
10 0.574852 0.110501 0.080236 0.206926
8 0.560811 0.422297 0.077703 0.159910
6 0.570101 0.590090 0.079392 0.117117
6 0.776499 0.517314 0.073902 0.128097
6 0.640308 0.365287 0.069679 0.119651
6 0.571685 0.288570 0.069679 0.123874
6 0.517842 0.224521 0.063345 0.130912
6 0.456609 0.158361 0.061233 0.133727
6 0.402238 0.097128 0.047508 0.132320
6 0.355258 0.060529 0.054899 0.118243