11 0.618900 0.154530 0.082583 0.251502
3 0.090372 0.882883 0.153716 0.130631
5 0.064189 0.736486 0.128378 0.157658
0 0.450802 0.689752 0.085515 0.123874
0 0.295080 0.690456 0.098184 0.122466
0 0.148860 0.654561 0.116132 0.112613
0 0.106630 0.546875 0.107686 0.119651
0 0.070735 0.463119 0.105574 0.115428
7 0.838682 0.433559 0.133446 0.182432
9 0.670608 0.284910 0.091216 0.164414
9 0.507601 0.077703 0.062500 0.146396
10 0.563767 0.106982 0.087627 0.211149
8 0.542230 0.418919 0.074324 0.157658
6 0.539696 0.599099 0.089527 0.144144
6 0.750845 0.536036 0.089527 0.139640
6 0.606775 0.365695 0.073791 0.133950
6 0.551209 0.272048 0.067568 0.138691
6 0.495644 0.215149 0.056010 0.136321
6 0.440967 0.145211 0.065789 0.145804
6 0.385402 0.084756 0.054232 0.136321
6 0.342728 0.050972 0.047119 0.101944