11 0.650338 0.123874 0.083521 0.247748
2 0.217905 0.939189 0.152027 0.121622
3 0.160473 0.855856 0.148649 0.126126
4 0.071791 0.609234 0.143581 0.191441
5 0.095158 0.718468 0.190315 0.157658
0 0.501292 0.664414 0.084459 0.123211
0 0.352246 0.670376 0.090421 0.116587
0 0.208168 0.640567 0.098370 0.112613
0 0.161467 0.537228 0.102345 0.115262
7 0.880068 0.393018 0.141892 0.182432
9 0.717061 0.248874 0.092905 0.164414
10 0.594595 0.088964 0.094595 0.177928
8 0.565878 0.342342 0.145270 0.283784
6 0.591216 0.569319 0.077890 0.141391
6 0.651745 0.332833 0.067568 0.128879
6 0.800019 0.491742 0.078829 0.146396