11 0.637447 0.118540 0.080014 0.237079
2 0.195101 0.939189 0.163851 0.121622
3 0.130912 0.851351 0.146959 0.139640
4 0.059966 0.612613 0.119932 0.157658
5 0.085304 0.713964 0.170608 0.144144
0 0.483832 0.649936 0.084459 0.119048
0 0.328185 0.657175 0.096525 0.127091
0 0.186414 0.631435 0.109797 0.117439
7 0.869932 0.376126 0.141892 0.193694
9 0.695946 0.224099 0.101351 0.168919
10 0.581081 0.082207 0.081081 0.164414
8 0.554899 0.315315 0.136824 0.283784
6 0.573480 0.551802 0.089527 0.139640
6 0.780405 0.472973 0.081081 0.153153
6 0.634291 0.319820 0.055743 0.135135