11 0.655968 0.127002 0.089152 0.254004
3 0.121622 0.903153 0.158784 0.148649
5 0.076014 0.748874 0.152027 0.164414
0 0.500724 0.688546 0.091699 0.133526
0 0.334218 0.692568 0.101351 0.141570
0 0.180985 0.663610 0.125483 0.131918
0 0.128499 0.551802 0.119450 0.131918
0 0.080840 0.461712 0.115830 0.125483
0 0.042230 0.370013 0.084459 0.128700
7 0.895270 0.397523 0.152027 0.200450
9 0.715372 0.250000 0.106419 0.180180
10 0.589527 0.092342 0.087838 0.184685
8 0.590372 0.403153 0.082770 0.184685
6 0.590688 0.579955 0.082348 0.146396
6 0.811339 0.508868 0.095017 0.156250
6 0.654033 0.337838 0.069679 0.140766
6 0.589633 0.245636 0.078125 0.153435
6 0.522593 0.177365 0.062289 0.146396
6 0.455025 0.110501 0.060177 0.142173
6 0.396432 0.058418 0.050676 0.116836