11 0.611220 0.226411 0.066679 0.182551
1 0.108019 0.535799 0.104018 0.113798
1 0.188478 0.066382 0.065789 0.111427
2 0.132601 0.445383 0.092905 0.109234
2 0.179899 0.114865 0.070946 0.110360
3 0.165165 0.166416 0.069444 0.107608
3 0.139358 0.367242 0.085398 0.108859
4 0.151223 0.210746 0.100547 0.153368
5 0.151605 0.268018 0.098818 0.173423
0 0.197712 0.526208 0.074478 0.096233
0 0.354730 0.428440 0.067568 0.095209
0 0.283323 0.367527 0.059889 0.102375
0 0.229192 0.294328 0.049908 0.097256
0 0.232647 0.228808 0.050676 0.087019
0 0.241861 0.173014 0.052211 0.081900
0 0.244932 0.111589 0.046069 0.090090
0 0.255298 0.061937 0.043765 0.089066
7 0.640625 0.478041 0.075169 0.122748
9 0.603463 0.328266 0.056588 0.111486
10 0.608577 0.167042 0.071321 0.138889
8 0.636261 0.407282 0.068506 0.120120
8 0.589339 0.076326 0.049737 0.110110
6 0.518018 0.048263 0.042632 0.096525
6 0.523649 0.087409 0.045849 0.093308
6 0.526464 0.152295 0.048263 0.098670
6 0.533301 0.210746 0.045849 0.095453
6 0.542149 0.268125 0.049067 0.096525
6 0.535714 0.342664 0.049067 0.089018
6 0.431950 0.424174 0.057111 0.101888
6 0.560248 0.495495 0.054698 0.102960