1 0.141129 0.482527 0.102823 0.138441
2 0.163306 0.391801 0.098790 0.118280
2 0.214214 0.060820 0.079637 0.121640
3 0.176411 0.319220 0.078629 0.126344
3 0.204133 0.115591 0.073589 0.125000
4 0.187500 0.157258 0.100806 0.170699
5 0.185988 0.219758 0.101815 0.182796
0 0.292843 0.029234 0.057460 0.058468
0 0.280242 0.060484 0.062500 0.095430
0 0.276714 0.120968 0.057460 0.095430
0 0.269657 0.179435 0.057460 0.102151
0 0.263105 0.241263 0.056452 0.104839
0 0.319052 0.316532 0.061492 0.110215
0 0.389617 0.383065 0.067540 0.116935
0 0.227823 0.481855 0.072581 0.110215
7 0.686996 0.444220 0.091734 0.139785
8 0.522177 0.290995 0.070565 0.131720
9 0.650706 0.285618 0.071573 0.134409
11 0.657762 0.174731 0.075605 0.181452
10 0.659274 0.118952 0.080645 0.147849
6 0.472782 0.378360 0.058468 0.104839
6 0.604839 0.450269 0.064516 0.111559
6 0.563886 0.041373 0.047883 0.082745
6 0.568926 0.099966 0.050403 0.099966
6 0.579952 0.165491 0.051033 0.094926
6 0.588773 0.224714 0.048513 0.099126
6 0.588773 0.299899 0.048513 0.091566