1 0.212198 0.817876 0.196573 0.190860
2 0.190524 0.616263 0.181452 0.188172
3 0.174899 0.446237 0.142137 0.189516
4 0.123488 0.140121 0.200605 0.280242
5 0.144153 0.248656 0.185484 0.329301
0 0.268649 0.071573 0.107863 0.143145
0 0.278730 0.153898 0.109879 0.169355
0 0.301915 0.263441 0.121976 0.176075
0 0.327621 0.408602 0.118952 0.176075
0 0.370464 0.745296 0.136089 0.185484
0 0.579133 0.479167 0.117944 0.180108
11 0.917843 0.074261 0.164315 0.148522
6 0.801411 0.102823 0.116935 0.169355
6 0.846270 0.211694 0.113911 0.166667
6 0.911794 0.340054 0.134073 0.170699