1 0.144153 0.522849 0.133065 0.202957
1 0.680444 0.112903 0.066532 0.170699
2 0.264113 0.444892 0.120968 0.194892
2 0.625000 0.151882 0.074597 0.181452
3 0.352319 0.375672 0.087702 0.177419
3 0.561996 0.198925 0.065524 0.165323
4 0.500000 0.229839 0.102823 0.224462
5 0.432964 0.270161 0.089718 0.283602
0 0.746976 0.182796 0.064516 0.151882
0 0.690020 0.221774 0.071573 0.149194
0 0.638105 0.286962 0.076613 0.158602
0 0.572077 0.338038 0.075605 0.153226
0 0.501008 0.401882 0.084677 0.157258
0 0.423891 0.469758 0.087702 0.153226
0 0.333165 0.553763 0.095766 0.154570
0 0.230847 0.622312 0.108871 0.178763
6 0.930948 0.896505 0.126008 0.165323