1 0.060484 0.366263 0.086694 0.142473
1 0.474798 0.102151 0.040323 0.125000
2 0.150202 0.316532 0.086694 0.147849
2 0.433972 0.129704 0.055444 0.129032
3 0.209677 0.273522 0.074597 0.131720
3 0.385081 0.156586 0.058468 0.126344
4 0.323589 0.178091 0.076613 0.163978
5 0.271169 0.198925 0.076613 0.194892
0 0.525202 0.147177 0.062500 0.112903
0 0.475302 0.170699 0.057460 0.103495
0 0.427419 0.216398 0.058468 0.114247
0 0.378528 0.248656 0.061492 0.108871
0 0.322077 0.290995 0.065524 0.120968
0 0.259073 0.329973 0.068548 0.110215
0 0.184476 0.386425 0.066532 0.112903
0 0.115927 0.432124 0.080645 0.129032
7 0.857863 0.392473 0.080645 0.154570
7 0.421371 0.912634 0.100806 0.168011
8 0.805948 0.451613 0.079637 0.151882
8 0.500504 0.830645 0.083669 0.143817
9 0.564516 0.739919 0.078629 0.150538
9 0.745968 0.521505 0.072581 0.157258
11 0.639617 0.616263 0.091734 0.206989
10 0.718246 0.556452 0.117944 0.189516
6 0.769153 0.350134 0.056452 0.118280
6 0.734879 0.393817 0.064516 0.116935
6 0.674395 0.450269 0.066532 0.111559
6 0.617944 0.509409 0.068548 0.100806
6 0.568548 0.582661 0.064516 0.120968
6 0.492440 0.636425 0.077621 0.118280
6 0.433972 0.729839 0.087702 0.122312
6 0.359879 0.809812 0.086694 0.137097