2 0.342238 0.054099 0.069556 0.108199
3 0.092238 0.219086 0.089718 0.151882
3 0.294355 0.070228 0.070565 0.140457
4 0.219254 0.096438 0.101815 0.192876
5 0.159778 0.128360 0.117944 0.223118
0 0.449597 0.054099 0.058468 0.108199
0 0.393649 0.077957 0.063508 0.125000
0 0.336694 0.135081 0.072581 0.129032
0 0.285282 0.170027 0.066532 0.120968
0 0.224798 0.226478 0.076613 0.118280
0 0.150202 0.277554 0.084677 0.129032
0 0.072077 0.346102 0.095766 0.118280
7 0.802923 0.288978 0.093750 0.168011
7 0.329637 0.911962 0.120968 0.142473
8 0.421371 0.799731 0.110887 0.154570
8 0.757056 0.356183 0.090726 0.157258
9 0.490927 0.697581 0.094758 0.154570
9 0.689516 0.434812 0.086694 0.150538
11 0.571069 0.555108 0.093750 0.221774
10 0.664315 0.485887 0.106855 0.220430
6 0.715222 0.251344 0.079637 0.130376
6 0.665323 0.295027 0.076613 0.131720
6 0.615927 0.371640 0.078629 0.131720
6 0.555444 0.443548 0.076613 0.130376
6 0.495464 0.526882 0.079637 0.138441
6 0.423891 0.594086 0.081653 0.133065
6 0.348790 0.701613 0.094758 0.133065
6 0.266129 0.802419 0.092742 0.143817