1 0.177923 0.410618 0.093750 0.096774
1 0.446573 0.973454 0.070565 0.053091
2 0.210181 0.481855 0.093750 0.088710
2 0.399698 0.897849 0.077621 0.108871
3 0.241935 0.564516 0.080645 0.084677
3 0.357863 0.807796 0.080645 0.095430
4 0.272681 0.629032 0.119960 0.106183
5 0.315524 0.727151 0.098790 0.098118
0 0.502016 0.935484 0.060484 0.090054
0 0.464718 0.842070 0.054435 0.077957
0 0.423891 0.744624 0.059476 0.098118
0 0.385081 0.660618 0.058468 0.091398
0 0.349798 0.580645 0.056452 0.079301
0 0.318548 0.510081 0.066532 0.075269
0 0.270665 0.422043 0.061492 0.084677
0 0.243448 0.344086 0.063508 0.090054
7 0.575101 0.060148 0.057460 0.120296
7 0.885585 0.588710 0.107863 0.079301
8 0.838710 0.505376 0.090726 0.092742
8 0.613407 0.122312 0.069556 0.127688
9 0.651210 0.200941 0.054435 0.120968
9 0.788810 0.425403 0.071573 0.104839
11 0.746976 0.335349 0.088710 0.131720
10 0.706149 0.245296 0.093750 0.145161
6 0.517641 0.114247 0.061492 0.108871
6 0.552419 0.174059 0.058468 0.099462
6 0.591230 0.245968 0.057460 0.090054
6 0.638105 0.327285 0.062500 0.096774
6 0.679940 0.395161 0.061492 0.087366
6 0.713710 0.481855 0.062500 0.072581
6 0.765121 0.556452 0.078629 0.081989
6 0.808972 0.637097 0.071573 0.084677