1 0.310484 0.182796 0.068548 0.116935
1 0.284274 0.864919 0.080645 0.104839
2 0.293347 0.748656 0.084677 0.106183
2 0.300907 0.268817 0.083669 0.098118
3 0.294355 0.653226 0.086694 0.095430
3 0.301411 0.368280 0.080645 0.095430
4 0.293851 0.450269 0.099798 0.111559
5 0.297379 0.555108 0.096774 0.092742
0 0.389113 0.182124 0.062500 0.099462
0 0.378528 0.270161 0.057460 0.090054
0 0.386089 0.372984 0.062500 0.086022
0 0.379536 0.465054 0.051411 0.081989
0 0.379536 0.557124 0.059476 0.080645
0 0.376008 0.655914 0.056452 0.092742
0 0.375504 0.752016 0.059476 0.083333
0 0.365423 0.850806 0.057460 0.084677
7 0.801411 0.173387 0.082661 0.103495
7 0.810988 0.866263 0.095766 0.120968
8 0.799899 0.269489 0.079637 0.104839
8 0.808972 0.754032 0.093750 0.095430
9 0.803931 0.362231 0.081653 0.088710
9 0.802923 0.661290 0.089718 0.084677
11 0.809476 0.563844 0.110887 0.096774
10 0.820565 0.446237 0.116935 0.108871
6 0.719758 0.180108 0.070565 0.111559
6 0.719758 0.268145 0.068548 0.091398
6 0.721270 0.362903 0.067540 0.084677
6 0.722278 0.470430 0.063508 0.084677
6 0.727823 0.553763 0.068548 0.073925
6 0.721774 0.652554 0.066532 0.083333
6 0.726310 0.753360 0.073589 0.094086
6 0.730343 0.843414 0.073589 0.091398