1 0.272681 0.161962 0.077621 0.131720
1 0.242440 0.911962 0.089718 0.123656
2 0.262097 0.261425 0.092742 0.110215
2 0.248992 0.778898 0.100806 0.110215
3 0.252520 0.675403 0.093750 0.096774
3 0.266633 0.369624 0.091734 0.103495
4 0.252520 0.452957 0.111895 0.122312
5 0.253528 0.567876 0.103831 0.094086
0 0.355343 0.157930 0.069556 0.096774
0 0.346774 0.258065 0.064516 0.103495
0 0.352319 0.371640 0.067540 0.096774
0 0.351310 0.471774 0.061492 0.084677
0 0.346774 0.569892 0.068548 0.087366
0 0.345262 0.681452 0.065524 0.095430
0 0.340726 0.783602 0.076613 0.090054
0 0.332661 0.894489 0.072581 0.096774
7 0.808468 0.158602 0.106855 0.119624
7 0.806956 0.901882 0.099798 0.119624
8 0.801915 0.267473 0.105847 0.108871
8 0.809476 0.785618 0.102823 0.104839
9 0.804940 0.366263 0.093750 0.094086
9 0.802923 0.686156 0.095766 0.102151
11 0.818044 0.583333 0.121976 0.100806
10 0.824093 0.454973 0.119960 0.112903
6 0.721774 0.165995 0.070565 0.099462
6 0.724294 0.258065 0.069556 0.092742
6 0.721270 0.362903 0.083669 0.090054
6 0.720766 0.478495 0.068548 0.087366
6 0.723286 0.571909 0.067540 0.083333
6 0.712198 0.672715 0.077621 0.075269
6 0.719254 0.782258 0.081653 0.095430
6 0.716734 0.888441 0.078629 0.098118