3 0.056956 0.245968 0.105847 0.168011
4 0.168851 0.090390 0.117944 0.180780
5 0.106351 0.129032 0.130040 0.256720
0 0.354839 0.039987 0.068548 0.079973
0 0.301411 0.082661 0.076613 0.123656
0 0.257056 0.144489 0.082661 0.131720
0 0.203125 0.221774 0.083669 0.127688
0 0.140625 0.302419 0.087702 0.141129
0 0.070565 0.399194 0.100806 0.130376
0 0.026714 0.508737 0.053427 0.142473
7 0.809476 0.159946 0.104839 0.149194
7 0.553931 0.918011 0.119960 0.127688
8 0.775202 0.236559 0.114919 0.149194
8 0.602319 0.776882 0.130040 0.130376
9 0.640121 0.645161 0.102823 0.146505
9 0.759577 0.330645 0.107863 0.143817
11 0.691532 0.496640 0.120968 0.212366
10 0.743952 0.387769 0.137097 0.182796
6 0.717742 0.137097 0.072581 0.125000
6 0.693548 0.202957 0.078629 0.130376
6 0.659778 0.284274 0.079637 0.123656
6 0.627520 0.378360 0.081653 0.123656
6 0.590222 0.474462 0.077621 0.122312
6 0.532258 0.571909 0.078629 0.118280
6 0.494960 0.703629 0.088710 0.129032
6 0.445565 0.830645 0.086694 0.127688