1 0.127016 0.382392 0.118952 0.180108
1 0.867440 0.838710 0.172379 0.154570
2 0.205141 0.437500 0.119960 0.177419
2 0.723286 0.741935 0.136089 0.165323
3 0.293347 0.519489 0.096774 0.172043
3 0.606351 0.684140 0.093750 0.168011
4 0.376512 0.537634 0.140121 0.245968
5 0.489415 0.604839 0.107863 0.237903
0 0.875504 0.678763 0.119960 0.173387
0 0.764617 0.614247 0.103831 0.151882
0 0.652218 0.549059 0.098790 0.150538
0 0.541835 0.481183 0.095766 0.162634
0 0.453125 0.424731 0.087702 0.138441
0 0.363911 0.378360 0.086694 0.134409
0 0.267137 0.340054 0.088710 0.138441
0 0.195060 0.291667 0.093750 0.127688
6 0.718750 0.059476 0.068548 0.118952
6 0.796371 0.073589 0.078629 0.147177
6 0.888105 0.107527 0.086694 0.168011
6 0.960181 0.139113 0.079637 0.158602