1 0.172379 0.448925 0.086694 0.119624
1 0.500000 0.073253 0.050403 0.120968
2 0.234879 0.388441 0.082661 0.106183
2 0.461190 0.111559 0.055444 0.127688
3 0.282762 0.331989 0.065524 0.103495
3 0.419355 0.159946 0.052419 0.111559
4 0.375000 0.206317 0.072581 0.153226
5 0.333669 0.256048 0.058468 0.153226
0 0.551411 0.126344 0.056452 0.098118
0 0.505040 0.165323 0.050403 0.098118
0 0.467238 0.227151 0.051411 0.090054
0 0.427419 0.276210 0.048387 0.083333
0 0.385585 0.328629 0.053427 0.086022
0 0.339214 0.392473 0.057460 0.087366
0 0.285786 0.452285 0.059476 0.075269
0 0.231351 0.510753 0.067540 0.090054
7 0.843246 0.407258 0.091734 0.103495
7 0.556452 0.892473 0.070565 0.106183
8 0.802923 0.462366 0.093750 0.079301
8 0.602823 0.817876 0.078629 0.088710
9 0.640121 0.743280 0.082661 0.090054
9 0.765121 0.537634 0.072581 0.092742
11 0.692036 0.663306 0.087702 0.094086
10 0.746472 0.589382 0.101815 0.099462
6 0.776714 0.356183 0.065524 0.068548
6 0.748488 0.413978 0.063508 0.073925
6 0.707661 0.473118 0.062500 0.065860
6 0.668347 0.543011 0.060484 0.076613
6 0.631048 0.605511 0.058468 0.075269
6 0.581149 0.666667 0.059476 0.071237
6 0.537298 0.746640 0.056452 0.083333
6 0.493448 0.827957 0.067540 0.087366