1 0.120968 0.511425 0.116935 0.150538
1 0.838710 0.780242 0.141129 0.147849
2 0.200101 0.546371 0.115927 0.153226
2 0.698589 0.717070 0.106855 0.150538
3 0.295363 0.604167 0.096774 0.142473
3 0.590222 0.696237 0.099798 0.143817
4 0.379032 0.598790 0.137097 0.196237
5 0.485383 0.640457 0.093750 0.201613
0 0.826613 0.646505 0.092742 0.122312
0 0.717238 0.596102 0.095766 0.118280
0 0.614415 0.559812 0.085685 0.129032
0 0.517641 0.529570 0.075605 0.122312
0 0.428427 0.489919 0.072581 0.112903
0 0.341734 0.471102 0.084677 0.115591
0 0.244960 0.441532 0.088710 0.123656
0 0.175907 0.401210 0.097782 0.110215
6 0.859375 0.119624 0.081653 0.122312
6 0.773690 0.104839 0.091734 0.135753
6 0.695565 0.087366 0.062500 0.125000
6 0.617440 0.069220 0.067540 0.123656
6 0.547883 0.056116 0.059476 0.112231