1 0.237399 0.807124 0.085685 0.112903
1 0.275202 0.103495 0.076613 0.133065
2 0.249496 0.692876 0.091734 0.096774
2 0.265625 0.190860 0.081653 0.116935
3 0.253024 0.593414 0.080645 0.099462
3 0.267641 0.296371 0.083669 0.104839
4 0.251008 0.371640 0.106855 0.139785
5 0.254032 0.485887 0.102823 0.107527
0 0.355343 0.105511 0.067540 0.110215
0 0.342238 0.194892 0.065524 0.106183
0 0.346774 0.305108 0.068548 0.103495
0 0.343246 0.396505 0.067540 0.087366
0 0.343750 0.489247 0.070565 0.087366
0 0.338206 0.587366 0.075605 0.087366
0 0.334677 0.694220 0.070565 0.086022
0 0.326613 0.796371 0.064516 0.094086
7 0.775706 0.105511 0.091734 0.129032
7 0.794859 0.803091 0.103831 0.107527
8 0.777722 0.195565 0.091734 0.118280
8 0.787802 0.700941 0.101815 0.099462
9 0.770665 0.305108 0.087702 0.100806
9 0.776714 0.606183 0.091734 0.095430
11 0.787298 0.492608 0.108871 0.104839
10 0.793851 0.372312 0.113911 0.111559
6 0.695060 0.116935 0.065524 0.092742
6 0.693548 0.203629 0.072581 0.096774
6 0.693548 0.299059 0.070565 0.099462
6 0.700101 0.405242 0.071573 0.094086
6 0.704133 0.489247 0.069556 0.079301
6 0.696069 0.589382 0.075605 0.083333
6 0.708669 0.695565 0.072581 0.088710
6 0.707157 0.794355 0.069556 0.071237