1 0.224294 0.546371 0.085685 0.110215
1 0.727319 0.826613 0.091734 0.092742
2 0.286794 0.582661 0.081653 0.110215
2 0.633569 0.765457 0.073589 0.107527
3 0.351310 0.639785 0.069556 0.100806
3 0.557460 0.741263 0.076613 0.094086
4 0.414315 0.647849 0.086694 0.141129
5 0.493448 0.692876 0.075605 0.137097
0 0.731855 0.727823 0.060484 0.080645
0 0.665827 0.678763 0.063508 0.087366
0 0.586190 0.639113 0.059476 0.086022
0 0.517641 0.602151 0.051411 0.079301
0 0.452117 0.568548 0.049395 0.084677
0 0.393145 0.534274 0.058468 0.091398
0 0.324597 0.508065 0.064516 0.092742
0 0.267641 0.464382 0.065524 0.088710
7 0.834677 0.226478 0.080645 0.118280
7 0.424899 0.061156 0.051411 0.110215
8 0.473286 0.088710 0.057460 0.119624
8 0.770665 0.195565 0.069556 0.112903
9 0.711190 0.178763 0.075605 0.108871
9 0.535282 0.119624 0.054435 0.119624
11 0.652722 0.134409 0.071573 0.151882
10 0.591734 0.116935 0.060484 0.154570
6 0.399698 0.136425 0.053427 0.099462
6 0.453629 0.165323 0.062500 0.095430
6 0.506048 0.185484 0.054435 0.108871
6 0.568548 0.206989 0.048387 0.090054
6 0.628528 0.229839 0.051411 0.098118
6 0.689012 0.264785 0.053427 0.092742
6 0.749496 0.289651 0.057460 0.099462
6 0.806452 0.313172 0.058468 0.092742