1 0.223790 0.353495 0.064516 0.122312
1 0.527722 0.872984 0.075605 0.129032
2 0.261089 0.407930 0.074597 0.118280
2 0.476815 0.769489 0.078629 0.107527
3 0.289819 0.481183 0.063508 0.125000
3 0.423387 0.694220 0.070565 0.110215
4 0.327621 0.525538 0.082661 0.165323
5 0.383065 0.588038 0.068548 0.161290
0 0.583165 0.808468 0.067540 0.091398
0 0.538306 0.713710 0.062500 0.095430
0 0.489415 0.627016 0.063508 0.102151
0 0.444556 0.555780 0.052419 0.096774
0 0.400202 0.490591 0.052419 0.106183
0 0.362399 0.427419 0.049395 0.090054
0 0.318044 0.366935 0.049395 0.100806
0 0.288306 0.305780 0.038306 0.104839
7 0.568044 0.102151 0.047379 0.114247
7 0.886089 0.450269 0.100806 0.119624
8 0.605847 0.147849 0.052419 0.119624
8 0.831149 0.384409 0.073589 0.108871
9 0.647177 0.194220 0.044355 0.115591
9 0.780746 0.344758 0.069556 0.126344
11 0.740927 0.258737 0.086694 0.166667
10 0.696573 0.221774 0.068548 0.146505
6 0.521673 0.148522 0.045363 0.096774
6 0.556452 0.187500 0.044355 0.094086
6 0.594254 0.241263 0.053427 0.099462
6 0.645665 0.288306 0.051411 0.104839
6 0.687500 0.333333 0.054435 0.106183
6 0.723286 0.396505 0.049395 0.098118
6 0.782762 0.452285 0.065524 0.088710
6 0.827621 0.507392 0.070565 0.091398