1 0.245968 0.127016 0.070565 0.142473
1 0.190524 0.737903 0.116935 0.168011
2 0.235383 0.184140 0.081653 0.135753
2 0.213206 0.607527 0.107863 0.143817
3 0.218750 0.493280 0.092742 0.159946
4 0.226310 0.297043 0.109879 0.200269
5 0.225806 0.377016 0.110887 0.215054
0 0.320565 0.132392 0.066532 0.115591
0 0.316028 0.186156 0.063508 0.118280
0 0.317036 0.254032 0.069556 0.114247
0 0.320060 0.327957 0.075605 0.135753
0 0.317540 0.400538 0.086694 0.122312
0 0.319556 0.500000 0.086694 0.135753
0 0.316532 0.604839 0.086694 0.116935
0 0.306956 0.731183 0.097782 0.135753
7 0.691028 0.108199 0.067540 0.134409
7 0.882056 0.640457 0.133065 0.158602
8 0.707661 0.160618 0.076613 0.123656
8 0.842238 0.532930 0.115927 0.142473
9 0.727823 0.231855 0.068548 0.123656
9 0.808972 0.446909 0.097782 0.134409
11 0.797379 0.325269 0.114919 0.205645
10 0.774194 0.268817 0.108871 0.170699
6 0.626008 0.121640 0.056452 0.102151
6 0.640121 0.172715 0.056452 0.104839
6 0.657258 0.235215 0.064516 0.108871
6 0.681452 0.306452 0.066532 0.111559
6 0.702117 0.379704 0.065524 0.110215
6 0.715222 0.459677 0.077621 0.116935
6 0.751512 0.553091 0.085685 0.112903
6 0.779234 0.659274 0.098790 0.131720