1 0.214214 0.233199 0.067540 0.115591
1 0.359879 0.795699 0.100806 0.157258
2 0.221270 0.292339 0.059476 0.112903
2 0.333669 0.676075 0.090726 0.127688
3 0.308468 0.586694 0.080645 0.134409
4 0.243448 0.385753 0.085685 0.133065
5 0.286794 0.469758 0.095766 0.177419
0 0.283266 0.229839 0.064516 0.106183
0 0.290827 0.280914 0.055444 0.103495
0 0.317036 0.346102 0.053427 0.096774
0 0.344254 0.401210 0.065524 0.096774
0 0.369456 0.471774 0.069556 0.103495
0 0.388105 0.553763 0.058468 0.108871
0 0.417843 0.649194 0.075605 0.114247
0 0.446573 0.748656 0.076613 0.116935
7 0.595766 0.115591 0.048387 0.111559
7 0.867944 0.503360 0.094758 0.131720
8 0.618952 0.162634 0.060484 0.119624
8 0.810484 0.424731 0.084677 0.122312
9 0.654738 0.206989 0.055444 0.119624
9 0.764113 0.373656 0.076613 0.133065
11 0.732359 0.283602 0.085685 0.192204
10 0.697581 0.237231 0.080645 0.147849
6 0.540323 0.144489 0.050403 0.104839
6 0.563508 0.189516 0.044355 0.092742
6 0.595262 0.237903 0.051411 0.106183
6 0.635585 0.289651 0.055444 0.107527
6 0.665323 0.338038 0.058468 0.104839
6 0.698085 0.406586 0.059476 0.104839
6 0.744960 0.469086 0.074597 0.098118
6 0.789819 0.540995 0.071573 0.102151