1 0.149194 0.407258 0.080645 0.146505
1 0.627016 0.837366 0.102823 0.154570
2 0.197077 0.455645 0.081653 0.138441
2 0.536290 0.747312 0.080645 0.143817
3 0.254032 0.514785 0.082661 0.130376
3 0.464214 0.690860 0.083669 0.143817
4 0.311996 0.539651 0.111895 0.196237
5 0.387097 0.591398 0.096774 0.200269
0 0.209677 0.349462 0.062500 0.111559
0 0.256048 0.402554 0.068548 0.107527
0 0.325101 0.446909 0.065524 0.115591
0 0.384073 0.486559 0.064516 0.108871
0 0.443044 0.535618 0.065524 0.110215
0 0.515121 0.597446 0.076613 0.120968
0 0.593246 0.668011 0.077621 0.114247
0 0.660786 0.736559 0.083669 0.111559
7 0.462198 0.073925 0.055444 0.116935
7 0.861895 0.288306 0.080645 0.134409
8 0.508065 0.104839 0.060484 0.138441
8 0.787298 0.248656 0.080645 0.133065
9 0.560988 0.130376 0.053427 0.130376
9 0.728327 0.218414 0.071573 0.123656
11 0.674899 0.161962 0.075605 0.185484
10 0.617944 0.133737 0.064516 0.155914
6 0.428931 0.127016 0.051411 0.107527
6 0.470766 0.155914 0.054435 0.108871
6 0.519153 0.188172 0.046371 0.116935
6 0.578629 0.217742 0.046371 0.119624
6 0.630040 0.250000 0.062500 0.100806
6 0.688004 0.287634 0.059476 0.116935
6 0.752520 0.317876 0.061492 0.120968
6 0.821573 0.356183 0.058468 0.127688