1 0.193044 0.428763 0.077621 0.130376
1 0.657258 0.807124 0.090726 0.147849
2 0.239415 0.471102 0.079637 0.131720
2 0.568548 0.719758 0.074597 0.137097
3 0.298891 0.522849 0.071573 0.127688
3 0.498992 0.673387 0.074597 0.135753
4 0.353327 0.546371 0.091734 0.177419
5 0.430948 0.588038 0.083669 0.177419
0 0.246472 0.369624 0.059476 0.106183
0 0.292339 0.415995 0.060484 0.099462
0 0.359375 0.456989 0.063508 0.106183
0 0.414819 0.489247 0.063508 0.100806
0 0.479335 0.534946 0.065524 0.106183
0 0.542339 0.591398 0.060484 0.103495
0 0.616935 0.649866 0.074597 0.110215
0 0.689516 0.701613 0.076613 0.108871
7 0.467742 0.092070 0.046371 0.115591
7 0.853831 0.285618 0.072581 0.131720
8 0.517137 0.118280 0.060484 0.119624
8 0.786794 0.250672 0.081653 0.123656
9 0.563004 0.146505 0.057460 0.125000
9 0.723286 0.225806 0.065524 0.106183
11 0.675403 0.172715 0.072581 0.180108
10 0.616935 0.152554 0.064516 0.153226
6 0.435988 0.143145 0.055444 0.110215
6 0.479335 0.173387 0.053427 0.100806
6 0.528226 0.199597 0.048387 0.099462
6 0.588710 0.228495 0.056452 0.111559
6 0.641129 0.262769 0.060484 0.118280
6 0.689012 0.288306 0.057460 0.112903
6 0.754032 0.321237 0.060484 0.111559
6 0.816532 0.355511 0.070565 0.110215