1 0.240423 0.361559 0.063508 0.108871
1 0.535282 0.760081 0.066532 0.107527
2 0.270665 0.407258 0.059476 0.111559
2 0.484375 0.678763 0.063508 0.106183
3 0.436996 0.625000 0.061492 0.098118
3 0.305444 0.465054 0.060484 0.114247
4 0.338206 0.489247 0.077621 0.133065
5 0.392641 0.540995 0.067540 0.137097
0 0.290323 0.324597 0.054435 0.091398
0 0.320060 0.364247 0.043347 0.087366
0 0.363911 0.416667 0.054435 0.084677
0 0.405746 0.458333 0.053427 0.087366
0 0.444052 0.510753 0.051411 0.084677
0 0.487903 0.564516 0.060484 0.095430
0 0.536794 0.629704 0.059476 0.086022
0 0.582661 0.695565 0.064516 0.083333
7 0.524194 0.102151 0.042339 0.100806
7 0.822581 0.364247 0.078629 0.122312
8 0.555444 0.137097 0.046371 0.108871
8 0.766129 0.311156 0.066532 0.099462
9 0.593750 0.170699 0.044355 0.106183
9 0.718246 0.276210 0.057460 0.099462
11 0.682964 0.221774 0.065524 0.151882
10 0.640625 0.188844 0.059476 0.129032
6 0.482863 0.145161 0.048387 0.081989
6 0.519153 0.180108 0.050403 0.081989
6 0.551411 0.213710 0.048387 0.098118
6 0.599798 0.256720 0.052419 0.095430
6 0.640625 0.291667 0.051411 0.092742
6 0.677923 0.332661 0.055444 0.086022
6 0.728831 0.372312 0.050403 0.095430
6 0.774698 0.412634 0.057460 0.092742