1 0.101815 0.361559 0.145161 0.189516
1 0.790827 0.950605 0.170363 0.098790
2 0.385585 0.287634 0.103831 0.181452
2 0.648185 0.862903 0.122984 0.168011
3 0.240927 0.176747 0.102823 0.180108
3 0.891129 0.682124 0.161290 0.153226
4 0.530242 0.215726 0.118952 0.268817
5 0.430444 0.643817 0.135081 0.229839
0 0.173891 0.266801 0.105847 0.147849
0 0.315524 0.235215 0.088710 0.141129
0 0.329637 0.399194 0.094758 0.127688
0 0.416835 0.467742 0.081653 0.149194
0 0.507560 0.547043 0.081653 0.143817
0 0.657762 0.521505 0.097782 0.154570
0 0.832661 0.849462 0.127016 0.138441
10 0.836190 0.163978 0.154234 0.259409
6 0.733367 0.398522 0.095766 0.161290
6 0.856855 0.341398 0.106855 0.154570
6 0.761089 0.079973 0.086694 0.153226
6 0.485887 0.053427 0.080645 0.106855