2 0.085685 0.417339 0.171371 0.209677
4 0.237399 0.420699 0.190524 0.299731
0 0.248488 0.919019 0.123992 0.161962
0 0.066532 0.815860 0.133065 0.189516
0 0.043851 0.661962 0.087702 0.158602
0 0.058972 0.290323 0.117944 0.176075
9 0.823589 0.434140 0.163306 0.213710
9 0.613911 0.097110 0.080645 0.194220
11 0.769657 0.233199 0.174395 0.327957
6 0.367440 0.114919 0.091734 0.188172
6 0.506552 0.144489 0.093750 0.185484
6 0.585685 0.266129 0.094758 0.197581
6 0.648185 0.383737 0.104839 0.180108
6 0.591230 0.829301 0.119960 0.157258
6 0.422883 0.826613 0.119960 0.159946
10 0.644153 0.586022 0.181452 0.294355