2 0.346774 0.555780 0.155242 0.206989
3 0.221774 0.318548 0.131048 0.208333
4 0.567540 0.522849 0.181452 0.323925
0 0.125000 0.421371 0.141129 0.169355
0 0.258065 0.684812 0.153226 0.172043
0 0.343246 0.846774 0.148185 0.173387
0 0.299899 0.430780 0.126008 0.166667
0 0.426915 0.964718 0.132056 0.070565
10 0.927419 0.127016 0.145161 0.252688
6 0.577621 0.175403 0.098790 0.193548
6 0.739919 0.172715 0.102823 0.185484
6 0.856855 0.270161 0.125000 0.184140
6 0.939012 0.382392 0.121976 0.217742
6 0.824093 0.921707 0.166331 0.156586