8 0.457068 0.169502 0.124747 0.091130
9 0.147631 0.558931 0.118267 0.072904
9 0.166262 0.337789 0.126367 0.075334
7 0.350142 0.657351 0.111786 0.082625
10 0.336371 0.321385 0.136087 0.098420
11 0.134670 0.411300 0.160389 0.081409
6 0.562373 0.255772 0.095585 0.076549
6 0.649858 0.646416 0.085865 0.077764
6 0.875861 0.417375 0.123127 0.076549
3 0.662009 0.174362 0.097205 0.103281
1 0.895302 0.148846 0.126367 0.105711
1 0.458688 0.411300 0.105306 0.074119
5 0.670919 0.504253 0.102066 0.075334
2 0.883961 0.581409 0.116646 0.081409
0 0.671729 0.332321 0.087485 0.078979
0 0.757594 0.493925 0.081004 0.061968
0 0.748684 0.733293 0.079384 0.078979