8 0.811996 0.272849 0.087702 0.184140
9 0.402218 0.100806 0.064516 0.151882
9 0.607863 0.096102 0.060484 0.139785
7 0.289315 0.230511 0.084677 0.166667
10 0.634577 0.191532 0.097782 0.215054
11 0.538810 0.087702 0.071573 0.175403
6 0.259577 0.485215 0.097782 0.151882
6 0.560988 0.725806 0.093750 0.170699
6 0.739415 0.368952 0.073589 0.142473
3 0.855343 0.444892 0.107863 0.184140
1 0.551915 0.279570 0.083669 0.184140
1 0.936996 0.698253 0.126008 0.239247
5 0.434980 0.422043 0.105847 0.248656
2 0.317036 0.718414 0.119960 0.193548
0 0.129032 0.590726 0.112903 0.145161
0 0.452117 0.586022 0.083669 0.159946
0 0.655746 0.474462 0.071573 0.143817