8 0.882056 0.314516 0.100806 0.192204
9 0.443548 0.116935 0.068548 0.151882
9 0.658266 0.116263 0.068548 0.150538
7 0.324597 0.252688 0.088710 0.165323
10 0.683972 0.217742 0.101815 0.227151
11 0.583165 0.099798 0.075605 0.199597
6 0.287802 0.523522 0.099798 0.142473
6 0.592238 0.818548 0.095766 0.159946
6 0.793347 0.415995 0.088710 0.139785
3 0.918851 0.520833 0.119960 0.188172
1 0.598286 0.318548 0.073589 0.186828
5 0.469254 0.478495 0.107863 0.259409
2 0.340222 0.787634 0.123992 0.189516
0 0.161290 0.633065 0.106855 0.135753
0 0.485383 0.647849 0.091734 0.159946
0 0.699093 0.530914 0.087702 0.151882