8 0.857359 0.395833 0.107863 0.201613
9 0.605847 0.070901 0.066532 0.141801
9 0.779234 0.139785 0.082661 0.162634
7 0.446069 0.125000 0.077621 0.162634
10 0.722278 0.217070 0.101815 0.225806
11 0.724294 0.090054 0.081653 0.176075
6 0.308468 0.289651 0.080645 0.129032
6 0.711694 0.433468 0.074597 0.153226
6 0.358367 0.589382 0.091734 0.147849
3 0.749496 0.576613 0.103831 0.205645
1 0.603831 0.271505 0.076613 0.178763
1 0.644153 0.829301 0.112903 0.224462
5 0.407258 0.313172 0.100806 0.254032
2 0.217742 0.461022 0.116935 0.178763
0 0.572581 0.469758 0.088710 0.150538
0 0.202117 0.305780 0.077621 0.129032
0 0.366935 0.439516 0.084677 0.135753