8 0.684476 0.797715 0.143145 0.196237
9 0.838206 0.260753 0.091734 0.162634
9 0.918851 0.514113 0.132056 0.182796
7 0.655746 0.173387 0.075605 0.176075
10 0.757560 0.486559 0.154234 0.240591
11 0.921371 0.366263 0.157258 0.260753
6 0.227319 0.413978 0.091734 0.157258
6 0.536794 0.642473 0.085685 0.165323
3 0.421875 0.786290 0.109879 0.197581
1 0.623992 0.412634 0.098790 0.192204
1 0.130040 0.805780 0.163306 0.231183
5 0.419859 0.264785 0.089718 0.264785
2 0.252520 0.230511 0.091734 0.177419
0 0.368448 0.124328 0.063508 0.137097
0 0.347278 0.330645 0.067540 0.157258
0 0.423387 0.525538 0.084677 0.146505