1 0.594758 0.450269 0.068548 0.106183
1 0.847278 0.932460 0.099798 0.135081
2 0.399194 0.883065 0.086694 0.125000
4 0.484375 0.531586 0.093750 0.123656
3 0.833165 0.692204 0.099798 0.106183
5 0.485383 0.666667 0.083669 0.095430
0 0.250504 0.725806 0.085685 0.100806
0 0.494960 0.761425 0.072581 0.094086
0 0.661290 0.681452 0.074597 0.098118
9 0.447581 0.119624 0.076613 0.125000
9 0.679435 0.155914 0.078629 0.122312
8 0.847278 0.479167 0.107863 0.107527
7 0.750000 0.239919 0.092742 0.129032
10 0.686492 0.336694 0.096774 0.131720
11 0.604335 0.108199 0.079637 0.161290
6 0.753024 0.573925 0.078629 0.098118
6 0.357863 0.342742 0.080645 0.108871
6 0.594254 0.240591 0.071573 0.092742