1 0.565524 0.429435 0.082661 0.163978
1 0.194556 0.911962 0.135081 0.166667
2 0.199093 0.309812 0.099798 0.158602
2 0.215222 0.724462 0.123992 0.141129
4 0.467742 0.315860 0.098790 0.205645
3 0.435988 0.827957 0.091734 0.146505
3 0.352823 0.141129 0.066532 0.141129
5 0.185484 0.450941 0.131048 0.231183
0 0.403730 0.581317 0.083669 0.134409
0 0.323589 0.870296 0.104839 0.134409
0 0.289315 0.162634 0.068548 0.127688
0 0.297883 0.309140 0.071573 0.116935
0 0.306452 0.387769 0.080645 0.126344
0 0.311996 0.482527 0.079637 0.127688
9 0.746472 0.219758 0.075605 0.145161
9 0.833165 0.468414 0.113911 0.153226
8 0.716734 0.147849 0.080645 0.149194
8 0.645161 0.781586 0.114919 0.150538
7 0.928931 0.681452 0.142137 0.162634
7 0.691532 0.080645 0.074597 0.141129
10 0.683972 0.482527 0.121976 0.192204
11 0.819052 0.323925 0.126008 0.216398
6 0.572581 0.186156 0.064516 0.142473
6 0.623992 0.110215 0.060484 0.127688
6 0.659274 0.235887 0.068548 0.120968
6 0.691532 0.313172 0.074597 0.119624
6 0.727823 0.400538 0.090726 0.130376
6 0.509073 0.569892 0.086694 0.135753
6 0.623488 0.621640 0.095766 0.137097