1 0.575101 0.524866 0.077621 0.102151
2 0.210685 0.650538 0.098790 0.111559
4 0.456149 0.482527 0.089718 0.133065
3 0.620464 0.910618 0.071573 0.123656
5 0.386593 0.573925 0.087702 0.108871
0 0.185988 0.412634 0.079637 0.090054
0 0.347278 0.651210 0.083669 0.091398
0 0.509577 0.750672 0.069556 0.094086
9 0.640625 0.156586 0.071573 0.110215
9 0.789315 0.397849 0.092742 0.098118
8 0.745968 0.766801 0.102823 0.104839
7 0.795867 0.518817 0.095766 0.098118
10 0.702621 0.520833 0.102823 0.120968
11 0.761089 0.280242 0.108871 0.139785
6 0.470262 0.222446 0.069556 0.118280
6 0.684980 0.379032 0.075605 0.100806
6 0.621976 0.750672 0.074597 0.104839