1 0.581149 0.435484 0.095766 0.181452
2 0.088710 0.677419 0.159274 0.157258
4 0.411290 0.396505 0.125000 0.240591
3 0.151210 0.315188 0.110887 0.166667
3 0.720262 0.951949 0.134073 0.096102
5 0.422883 0.621640 0.132056 0.225806
0 0.080645 0.399866 0.108871 0.134409
0 0.218246 0.386425 0.099798 0.131720
0 0.205645 0.569220 0.110887 0.134409
0 0.273185 0.659946 0.104839 0.135753
0 0.523690 0.768817 0.099798 0.138441
9 0.827117 0.250000 0.107863 0.186828
9 0.607359 0.077621 0.071573 0.155242
8 0.882560 0.722446 0.168347 0.180108
7 0.343246 0.091734 0.083669 0.183468
10 0.743952 0.385753 0.141129 0.237903
11 0.762097 0.130040 0.125000 0.260081
6 0.613407 0.640457 0.099798 0.139785
6 0.742440 0.590726 0.105847 0.142473
6 0.422379 0.160618 0.090726 0.147849
6 0.695565 0.266129 0.088710 0.149194