1 0.198085 0.888441 0.101815 0.141129
1 0.557964 0.544355 0.085685 0.103495
2 0.222278 0.295027 0.097782 0.120968
4 0.490423 0.395833 0.091734 0.139785
3 0.386593 0.867608 0.081653 0.110215
5 0.384073 0.393145 0.084677 0.126344
0 0.320565 0.417339 0.068548 0.099462
0 0.334677 0.090726 0.072581 0.115591
0 0.387097 0.644489 0.066532 0.094086
9 0.810484 0.336022 0.092742 0.100806
9 0.788306 0.649866 0.102823 0.091398
8 0.550907 0.879032 0.081653 0.116935
7 0.721270 0.738575 0.107863 0.118280
10 0.647177 0.657930 0.114919 0.134409
11 0.821069 0.538978 0.132056 0.108871
6 0.638105 0.217742 0.076613 0.116935
6 0.718246 0.538306 0.081653 0.094086
6 0.466734 0.755376 0.076613 0.098118