1 0.323085 0.436156 0.117944 0.266129
4 0.219758 0.268145 0.145161 0.311828
5 0.087702 0.227151 0.163306 0.366935
0 0.122984 0.086022 0.072581 0.157258
0 0.194556 0.149866 0.080645 0.174731
9 0.714718 0.595430 0.149194 0.267473
9 0.686996 0.241263 0.101815 0.212366
8 0.207661 0.944556 0.191532 0.110887
10 0.441028 0.547043 0.166331 0.356183
11 0.736391 0.370296 0.158266 0.368280
6 0.468246 0.174059 0.081653 0.177419
6 0.168347 0.622312 0.135081 0.216398
6 0.303931 0.753360 0.142137 0.223118
6 0.585685 0.463038 0.096774 0.201613