1 0.388609 0.782930 0.144153 0.212366
1 0.666835 0.141801 0.113911 0.209677
2 0.188508 0.133737 0.125000 0.198925
4 0.523690 0.103159 0.107863 0.206317
3 0.636089 0.601478 0.116935 0.185484
5 0.464214 0.173387 0.097782 0.326613
0 0.511593 0.694220 0.097782 0.180108
0 0.525202 0.362903 0.092742 0.184140
0 0.343750 0.194220 0.078629 0.172043
0 0.305444 0.110887 0.072581 0.161290
9 0.940524 0.111559 0.118952 0.197581
8 0.856855 0.477151 0.163306 0.211022
10 0.816028 0.159274 0.160282 0.252688
6 0.632056 0.309812 0.084677 0.166667
6 0.772681 0.326613 0.109879 0.159946