2 0.076613 0.101142 0.135081 0.202285
1 0.378528 0.429435 0.126008 0.236559
5 0.200101 0.171371 0.162298 0.338710
4 0.317036 0.232527 0.132056 0.310484
0 0.082157 0.511425 0.140121 0.182796
0 0.127016 0.237903 0.108871 0.184140
9 0.802923 0.293683 0.128024 0.225806
9 0.735887 0.718414 0.161290 0.215054
7 0.582661 0.812500 0.153226 0.266129
8 0.188004 0.933804 0.196573 0.132392
10 0.459173 0.587366 0.178427 0.318548
11 0.808468 0.479839 0.197581 0.331989
6 0.636089 0.520161 0.104839 0.192204
6 0.586190 0.149866 0.101815 0.198925
6 0.144153 0.716398 0.163306 0.202957