2 0.423387 0.318548 0.076613 0.125000
2 0.824093 0.550403 0.103831 0.134409
1 0.744456 0.153226 0.067540 0.135753
3 0.495968 0.295027 0.060484 0.134409
5 0.781250 0.270161 0.096774 0.202957
4 0.698589 0.208333 0.086694 0.173387
0 0.709173 0.469086 0.073589 0.119624
0 0.755040 0.784274 0.080645 0.112903
9 0.654738 0.573925 0.075605 0.133065
9 0.242944 0.571909 0.090726 0.131720
7 0.569556 0.668011 0.082661 0.149194
8 0.309476 0.797043 0.106855 0.138441
10 0.357359 0.161962 0.091734 0.174731
11 0.339718 0.461022 0.106855 0.197581
6 0.627520 0.391129 0.069556 0.114247