2 0.571573 0.282258 0.066532 0.146505
2 0.587198 0.836694 0.093750 0.150538
1 0.943548 0.545027 0.112903 0.129032
3 0.631048 0.340726 0.074597 0.131720
5 0.812500 0.637769 0.137097 0.161290
4 0.833165 0.494624 0.128024 0.176075
0 0.371976 0.858199 0.080645 0.120968
0 0.602823 0.668683 0.080645 0.129032
9 0.328125 0.256720 0.071573 0.143817
9 0.484375 0.647849 0.079637 0.135753
7 0.377520 0.586694 0.085685 0.145161
8 0.211694 0.399194 0.086694 0.143817
10 0.658266 0.139113 0.084677 0.161290
11 0.416331 0.272177 0.078629 0.212366
6 0.627016 0.536290 0.076613 0.114247