2 0.352319 0.709005 0.097782 0.145161
2 0.648690 0.279570 0.069556 0.146505
1 0.836190 0.811156 0.128024 0.139785
3 0.664315 0.373656 0.078629 0.135753
5 0.630040 0.748656 0.112903 0.154570
4 0.744456 0.645833 0.138105 0.180108
0 0.209173 0.557796 0.083669 0.108871
0 0.462702 0.605511 0.068548 0.115591
9 0.379536 0.503360 0.083669 0.134409
9 0.464214 0.111559 0.067540 0.135753
7 0.334677 0.383065 0.080645 0.159946
8 0.318548 0.160618 0.076613 0.145161
10 0.813508 0.216398 0.116935 0.173387
11 0.507056 0.165995 0.076613 0.201613
6 0.550403 0.523522 0.066532 0.115591