8 0.342742 0.151882 0.068548 0.141129
9 0.499496 0.104839 0.073589 0.146505
9 0.396673 0.577957 0.075605 0.098118
7 0.348790 0.442204 0.090726 0.127688
10 0.866935 0.286962 0.131048 0.161290
11 0.546875 0.204301 0.081653 0.178763
6 0.555948 0.619624 0.067540 0.108871
2 0.669859 0.349462 0.091734 0.138441
2 0.354335 0.786962 0.101815 0.123656
1 0.793347 0.931452 0.122984 0.130376
3 0.686492 0.463038 0.078629 0.118280
4 0.730343 0.793683 0.130040 0.139785
5 0.607863 0.872312 0.086694 0.141129
0 0.227319 0.616935 0.091734 0.103495
0 0.464214 0.698253 0.069556 0.083333