8 0.705645 0.119624 0.082661 0.127688
9 0.425403 0.320565 0.074597 0.123656
9 0.810484 0.282258 0.082661 0.122312
7 0.502520 0.219086 0.075605 0.151882
10 0.832661 0.816532 0.153226 0.161290
11 0.741935 0.350806 0.100806 0.146505
6 0.455645 0.520161 0.066532 0.106183
2 0.689516 0.597446 0.094758 0.112903
2 0.274194 0.350806 0.100806 0.133065
1 0.287802 0.903898 0.095766 0.137097
3 0.604335 0.640457 0.081653 0.104839
4 0.365423 0.763441 0.109879 0.133065
5 0.275706 0.640457 0.113911 0.131720
0 0.360383 0.161962 0.065524 0.112903
0 0.371976 0.438844 0.064516 0.118280