8 0.666331 0.133737 0.074597 0.129032
9 0.784778 0.239919 0.065524 0.145161
9 0.434980 0.323253 0.073589 0.129032
7 0.501512 0.236559 0.067540 0.135753
10 0.919859 0.653898 0.154234 0.172043
11 0.738407 0.275538 0.089718 0.197581
6 0.491431 0.492608 0.063508 0.123656
2 0.299395 0.377688 0.092742 0.141129
2 0.734375 0.503360 0.091734 0.153226
1 0.359879 0.901882 0.110887 0.143817
3 0.658266 0.555780 0.090726 0.155914
4 0.433468 0.707661 0.110887 0.182796
5 0.325605 0.608871 0.112903 0.189516
0 0.360383 0.227823 0.075605 0.115591
0 0.400706 0.438844 0.065524 0.118280