8 0.900202 0.484543 0.110887 0.131720
9 0.598286 0.280242 0.071573 0.139785
9 0.823589 0.676747 0.092742 0.120968
7 0.694052 0.314516 0.085685 0.146505
10 0.358367 0.819220 0.132056 0.188172
11 0.711694 0.569220 0.100806 0.180108
6 0.470766 0.363575 0.070565 0.112903
2 0.505544 0.615591 0.073589 0.138441
2 0.523690 0.168011 0.067540 0.135753
1 0.204133 0.323925 0.093750 0.141129
3 0.449597 0.538978 0.072581 0.127688
4 0.296371 0.335349 0.100806 0.172043
5 0.350302 0.230511 0.089718 0.198925
0 0.504032 0.271505 0.058468 0.103495
0 0.673387 0.184140 0.062500 0.106183