8 0.765625 0.334677 0.085685 0.146505
9 0.561996 0.479839 0.067540 0.127688
9 0.867440 0.665323 0.107863 0.135753
7 0.688004 0.491935 0.085685 0.143817
10 0.512097 0.571909 0.110887 0.185484
11 0.718246 0.741935 0.115927 0.168011
6 0.428931 0.206989 0.057460 0.125000
2 0.544859 0.125672 0.077621 0.142473
2 0.522681 0.898522 0.097782 0.155914
1 0.212702 0.295699 0.098790 0.146505
3 0.281250 0.440188 0.096774 0.134409
4 0.606351 0.327957 0.085685 0.189516
5 0.552923 0.252016 0.065524 0.204301
0 0.702621 0.143817 0.064516 0.116935
0 0.518649 0.235215 0.057460 0.111559