8 0.830645 0.220430 0.092742 0.135753
9 0.522177 0.221774 0.062500 0.141129
9 0.871472 0.389785 0.091734 0.135753
7 0.617944 0.194220 0.072581 0.147849
10 0.671875 0.797043 0.130040 0.170699
11 0.769657 0.374328 0.099798 0.196237
6 0.465726 0.369624 0.064516 0.122312
2 0.633065 0.536290 0.086694 0.143817
2 0.406250 0.171371 0.066532 0.150538
1 0.181956 0.517473 0.109879 0.141129
3 0.544355 0.526882 0.082661 0.138441
4 0.296371 0.450269 0.114919 0.176075
5 0.286794 0.310484 0.107863 0.189516
0 0.523690 0.110215 0.057460 0.119624
0 0.437500 0.271505 0.060484 0.116935