8 0.753024 0.455645 0.084677 0.154570
9 0.500504 0.423387 0.069556 0.143817
9 0.628528 0.811828 0.089718 0.130376
7 0.577621 0.520833 0.072581 0.158602
10 0.389617 0.463038 0.117944 0.193548
11 0.445060 0.727823 0.121976 0.185484
6 0.546875 0.134409 0.085685 0.130376
2 0.698085 0.140457 0.067540 0.153226
2 0.253528 0.681452 0.101815 0.157258
1 0.357863 0.087366 0.086694 0.149194
3 0.331149 0.219086 0.075605 0.141129
4 0.604839 0.325941 0.092742 0.190860
5 0.608871 0.227823 0.080645 0.206989
0 0.844758 0.253360 0.080645 0.120968