8 0.667843 0.901210 0.093750 0.134409
9 0.738911 0.436828 0.074597 0.127688
9 0.456653 0.818548 0.080645 0.119624
7 0.759073 0.562500 0.102823 0.137097
10 0.244456 0.364247 0.107863 0.176075
11 0.475302 0.616263 0.085685 0.177419
6 0.610383 0.337366 0.061492 0.127688
2 0.419859 0.438172 0.067540 0.125000
1 0.544355 0.089382 0.060484 0.137097
3 0.461694 0.359543 0.068548 0.129032
4 0.553931 0.165323 0.081653 0.178763
2 0.817540 0.303763 0.092742 0.149194
5 0.649698 0.149866 0.075605 0.198925
0 0.906250 0.503360 0.088710 0.110215
0 0.705141 0.334677 0.059476 0.116935