8 0.882056 0.674059 0.143145 0.206989
9 0.666835 0.235215 0.087702 0.168011
9 0.610887 0.795699 0.114919 0.200269
7 0.750504 0.323925 0.105847 0.200269
10 0.074093 0.477823 0.148185 0.247312
11 0.524698 0.531586 0.105847 0.298387
6 0.490423 0.229167 0.079637 0.142473
2 0.337702 0.428091 0.096774 0.201613
1 0.295867 0.077285 0.063508 0.150538
3 0.338206 0.330645 0.093750 0.176075
4 0.351815 0.105511 0.102823 0.206989
5 0.448589 0.085685 0.068548 0.171371
0 0.572581 0.173387 0.068548 0.133065
0 0.825101 0.212366 0.071573 0.138441
2 0.662298 0.103495 0.082661 0.168011