8 0.735383 0.721774 0.128024 0.151882
8 0.481855 0.161962 0.062500 0.142473
9 0.584173 0.391129 0.091734 0.159946
9 0.726310 0.139785 0.077621 0.157258
7 0.612903 0.262769 0.084677 0.177419
7 0.550403 0.137097 0.064516 0.168011
10 0.716734 0.419355 0.118952 0.202957
11 0.828629 0.230511 0.127016 0.241935
6 0.897681 0.594086 0.107863 0.143817
6 0.235383 0.573253 0.089718 0.139785
2 0.192036 0.376344 0.111895 0.162634
2 0.940524 0.451613 0.118952 0.168011
1 0.303427 0.941868 0.145161 0.116263
3 0.534274 0.814516 0.104839 0.170699
4 0.474294 0.315860 0.099798 0.205645
5 0.380544 0.339382 0.113911 0.239247
0 0.315524 0.425403 0.078629 0.142473
0 0.257560 0.194220 0.079637 0.139785