8 0.357863 0.216398 0.084677 0.135753
8 0.679940 0.653898 0.085685 0.134409
9 0.488911 0.418011 0.080645 0.141129
9 0.381552 0.821237 0.087702 0.138441
7 0.498488 0.557124 0.083669 0.147849
10 0.377016 0.369624 0.098790 0.173387
11 0.272177 0.597446 0.122984 0.193548
6 0.246472 0.345430 0.071573 0.130376
6 0.717742 0.205645 0.076613 0.122312
2 0.851310 0.315860 0.103831 0.146505
2 0.191532 0.442876 0.106855 0.139785
1 0.571069 0.062500 0.081653 0.123656
3 0.476310 0.137097 0.071573 0.146505
4 0.621976 0.409274 0.096774 0.190860
5 0.671875 0.340726 0.087702 0.209677
0 0.927923 0.549731 0.099798 0.122312
0 0.723790 0.321909 0.066532 0.129032