8 0.359879 0.611559 0.076613 0.138441
8 0.775202 0.332661 0.090726 0.123656
9 0.882560 0.649194 0.107863 0.135753
9 0.578125 0.459677 0.069556 0.130376
7 0.703125 0.485215 0.091734 0.143817
7 0.831149 0.393145 0.097782 0.147849
10 0.553427 0.573925 0.096774 0.168011
11 0.756048 0.733871 0.118952 0.165323
6 0.456653 0.822581 0.088710 0.116935
6 0.681956 0.221774 0.063508 0.122312
6 0.437500 0.215054 0.070565 0.111559
2 0.551411 0.137097 0.078629 0.159946
2 0.571069 0.896505 0.097782 0.133065
1 0.232863 0.312500 0.090726 0.142473
1 0.781250 0.229167 0.078629 0.131720
3 0.305948 0.452285 0.091734 0.123656
4 0.619960 0.325269 0.084677 0.176075
5 0.563508 0.250672 0.078629 0.198925
0 0.432964 0.372312 0.071573 0.130376
0 0.703125 0.142473 0.059476 0.116935