2 0.232863 0.344758 0.090726 0.126344
2 0.827117 0.488575 0.097782 0.134409
3 0.549395 0.188172 0.068548 0.141129
1 0.664315 0.140457 0.064516 0.139785
5 0.655242 0.428763 0.090726 0.181452
4 0.578125 0.475134 0.085685 0.174731
0 0.713206 0.441532 0.077621 0.110215
0 0.823085 0.727823 0.099798 0.110215
8 0.425907 0.218414 0.075605 0.131720
8 0.561492 0.698925 0.088710 0.149194
9 0.476815 0.428763 0.066532 0.138441
9 0.274698 0.700941 0.083669 0.118280
7 0.431956 0.540995 0.089718 0.147849
10 0.390625 0.352823 0.085685 0.166667
11 0.248992 0.485887 0.110887 0.188172
6 0.299899 0.276210 0.075605 0.118280
6 0.744960 0.342742 0.076613 0.125000