2 0.729839 0.169355 0.074597 0.138441
2 0.275706 0.635081 0.093750 0.137097
3 0.372480 0.215726 0.079637 0.139785
1 0.404738 0.094758 0.069556 0.137097
1 0.857359 0.422043 0.105847 0.138441
5 0.638105 0.246640 0.080645 0.182796
4 0.624496 0.338710 0.097782 0.184140
0 0.492440 0.252688 0.059476 0.116935
0 0.863911 0.292339 0.076613 0.118280
8 0.311996 0.348118 0.083669 0.138441
8 0.761593 0.473790 0.083669 0.139785
9 0.527722 0.402554 0.067540 0.131720
9 0.622480 0.790323 0.081653 0.133065
7 0.593246 0.522849 0.079637 0.138441
7 0.763609 0.579301 0.095766 0.138441
10 0.419859 0.447581 0.095766 0.184140
11 0.454133 0.696237 0.095766 0.168011
6 0.592742 0.149194 0.058468 0.122312
6 0.777218 0.333333 0.072581 0.122312
6 0.264113 0.528226 0.082661 0.122312