2 0.608871 0.739247 0.082661 0.138441
2 0.473790 0.089382 0.072581 0.131720
3 0.756552 0.286290 0.081653 0.133065
1 0.886089 0.389785 0.100806 0.143817
5 0.561996 0.493952 0.083669 0.169355
4 0.494456 0.418683 0.089718 0.166667
0 0.605343 0.586022 0.071573 0.108871
0 0.418347 0.809812 0.072581 0.107527
8 0.654234 0.182796 0.070565 0.146505
8 0.342742 0.510753 0.078629 0.130376
9 0.274194 0.266129 0.066532 0.133065
9 0.506048 0.326613 0.064516 0.135753
7 0.409274 0.338710 0.062500 0.133065
10 0.521673 0.214382 0.073589 0.169355
11 0.370968 0.149194 0.084677 0.194892
6 0.724294 0.592742 0.083669 0.114247
6 0.556452 0.110215 0.056452 0.116935