2 0.213710 0.327285 0.098790 0.145161
2 0.861895 0.386425 0.114919 0.142473
3 0.526714 0.115591 0.073589 0.143817
1 0.648690 0.064852 0.071573 0.129704
1 0.745464 0.699597 0.097782 0.150538
5 0.677419 0.347446 0.094758 0.215054
4 0.608367 0.404570 0.099798 0.184140
0 0.591230 0.240591 0.069556 0.119624
0 0.732863 0.359543 0.072581 0.120968
0 0.888105 0.629704 0.100806 0.120968
8 0.620968 0.650538 0.082661 0.149194
8 0.408770 0.168683 0.075605 0.150538
9 0.502520 0.372312 0.077621 0.141129
9 0.316028 0.702957 0.091734 0.135753
7 0.465726 0.502688 0.086694 0.138441
7 0.535786 0.698253 0.085685 0.147849
10 0.390121 0.311828 0.086694 0.178763
11 0.256552 0.478495 0.119960 0.202957
6 0.284274 0.248656 0.072581 0.135753
6 0.762601 0.247312 0.071573 0.119624
6 0.763105 0.563844 0.084677 0.123656