2 0.294355 0.244624 0.084677 0.125000
2 0.797379 0.577285 0.098790 0.120968
3 0.613911 0.184140 0.064516 0.127688
1 0.743952 0.168683 0.080645 0.145161
5 0.633569 0.448253 0.085685 0.180108
4 0.551411 0.460349 0.088710 0.163978
0 0.695060 0.491263 0.069556 0.104839
0 0.715726 0.797715 0.084677 0.110215
8 0.492944 0.176747 0.072581 0.134409
8 0.477319 0.669355 0.081653 0.125000
9 0.241431 0.565188 0.073589 0.112903
9 0.476815 0.393817 0.070565 0.127688
7 0.410282 0.481183 0.068548 0.114247
10 0.416331 0.291667 0.084677 0.154570
11 0.262097 0.368280 0.098790 0.181452
6 0.764617 0.394489 0.069556 0.110215
6 0.371472 0.198925 0.059476 0.116935