2 0.537298 0.090054 0.064516 0.135753
2 0.513609 0.822581 0.093750 0.141129
3 0.781250 0.384409 0.088710 0.135753
1 0.908266 0.538978 0.118952 0.146505
5 0.521169 0.533602 0.082661 0.173387
4 0.461694 0.445565 0.084677 0.180108
0 0.301915 0.823253 0.095766 0.120968
0 0.551411 0.660618 0.078629 0.115591
8 0.704637 0.240591 0.078629 0.143817
8 0.295363 0.480511 0.078629 0.137097
9 0.289315 0.213038 0.072581 0.129032
9 0.510585 0.349462 0.071573 0.141129
7 0.260585 0.397177 0.089718 0.145161
7 0.403730 0.327957 0.077621 0.149194
10 0.552923 0.236559 0.085685 0.173387
11 0.410786 0.125000 0.077621 0.205645
6 0.676915 0.703629 0.077621 0.110215
6 0.617944 0.139785 0.058468 0.116935