2 0.873992 0.354167 0.106855 0.145161
3 0.535786 0.124328 0.067540 0.139785
1 0.520161 0.370968 0.074597 0.143817
1 0.643145 0.068884 0.066532 0.137769
5 0.709677 0.346774 0.090726 0.192204
0 0.606351 0.239919 0.063508 0.120968
0 0.752520 0.340726 0.077621 0.120968
0 0.919355 0.586022 0.102823 0.122312
8 0.420363 0.184140 0.078629 0.141129
9 0.290827 0.436156 0.091734 0.120968
9 0.362903 0.717070 0.098790 0.129032
7 0.591734 0.699597 0.104839 0.153226
10 0.418347 0.328629 0.092742 0.166667
11 0.298387 0.504704 0.116935 0.201613
6 0.510081 0.221774 0.058468 0.108871
6 0.766633 0.232527 0.069556 0.119624
6 0.793851 0.536962 0.093750 0.123656