2 0.865927 0.499328 0.114919 0.150538
3 0.597278 0.132392 0.075605 0.137097
1 0.732863 0.099462 0.080645 0.143817
1 0.497480 0.358871 0.079637 0.154570
5 0.677923 0.409946 0.097782 0.208333
0 0.634577 0.262097 0.071573 0.122312
0 0.739415 0.430780 0.075605 0.126344
0 0.821573 0.754704 0.098790 0.118280
8 0.473790 0.145161 0.068548 0.149194
9 0.279234 0.329973 0.084677 0.139785
9 0.250000 0.609543 0.094758 0.139785
7 0.447581 0.699597 0.090726 0.142473
10 0.412802 0.275538 0.093750 0.178763
11 0.246976 0.381720 0.106855 0.200269
6 0.704637 0.643145 0.088710 0.118280
6 0.801411 0.327957 0.072581 0.127688
6 0.549899 0.217742 0.055444 0.122312