2 0.690020 0.198925 0.069556 0.141129
2 0.393649 0.842070 0.093750 0.139785
3 0.800403 0.620296 0.090726 0.123656
1 0.850302 0.841398 0.113911 0.122312
5 0.484375 0.604167 0.081653 0.137097
4 0.475806 0.496640 0.090726 0.147849
0 0.238911 0.723118 0.084677 0.106183
0 0.485887 0.722446 0.074597 0.115591
8 0.343246 0.442204 0.065524 0.119624
8 0.785282 0.434140 0.082661 0.143817
9 0.424899 0.206989 0.067540 0.125000
9 0.562500 0.434140 0.066532 0.133065
7 0.342238 0.355511 0.067540 0.120968
7 0.476815 0.362903 0.074597 0.135753
10 0.632560 0.338038 0.089718 0.169355
11 0.551411 0.181452 0.064516 0.170699
6 0.746976 0.286962 0.066532 0.104839
6 0.572077 0.845430 0.067540 0.098118