2 0.755040 0.670699 0.118952 0.162634
3 0.765121 0.176747 0.092742 0.155914
1 0.531754 0.265457 0.079637 0.166667
1 0.923891 0.243952 0.107863 0.150538
5 0.636593 0.424731 0.095766 0.216398
0 0.699597 0.515457 0.082661 0.123656
0 0.551411 0.826613 0.086694 0.125000
0 0.705645 0.303091 0.072581 0.137097
8 0.647177 0.097446 0.068548 0.147849
9 0.245464 0.271505 0.089718 0.138441
9 0.399194 0.109543 0.076613 0.147849
7 0.304940 0.460349 0.095766 0.158602
10 0.517641 0.149866 0.079637 0.177419
11 0.344758 0.118280 0.080645 0.219086
6 0.528730 0.633737 0.073589 0.137097
6 0.825101 0.493952 0.095766 0.123656
6 0.670363 0.200269 0.070565 0.125000