2 0.378024 0.815188 0.092742 0.115591
2 0.711190 0.161290 0.079637 0.141129
3 0.796371 0.629032 0.092742 0.098118
1 0.824597 0.848790 0.112903 0.126344
5 0.478327 0.592742 0.085685 0.111559
4 0.480847 0.477151 0.086694 0.143817
0 0.233871 0.676747 0.082661 0.094086
0 0.475806 0.702957 0.068548 0.087366
8 0.793851 0.426747 0.091734 0.134409
8 0.344758 0.397177 0.070565 0.126344
9 0.441028 0.139785 0.065524 0.133065
9 0.569052 0.404570 0.073589 0.130376
7 0.352319 0.299731 0.073589 0.125000
7 0.486895 0.315188 0.066532 0.118280
10 0.652218 0.318548 0.084677 0.157258
11 0.574597 0.125000 0.078629 0.192204
6 0.770665 0.259409 0.069556 0.108871
6 0.555444 0.826613 0.062500 0.084677