2 0.261593 0.561828 0.103831 0.133065
2 0.837702 0.274194 0.096774 0.146505
3 0.709677 0.711694 0.086694 0.112903
1 0.616935 0.927419 0.108871 0.116935
5 0.433972 0.436828 0.081653 0.168011
4 0.484879 0.361559 0.070565 0.159946
0 0.223286 0.369624 0.077621 0.122312
0 0.396169 0.539651 0.072581 0.115591
8 0.411290 0.229839 0.072581 0.141129
8 0.797379 0.540995 0.096774 0.131720
9 0.590726 0.372984 0.076613 0.137097
9 0.592742 0.108199 0.058468 0.131720
7 0.453629 0.169355 0.064516 0.130376
7 0.556956 0.255376 0.069556 0.141129
10 0.702621 0.344086 0.106855 0.165323
11 0.708165 0.155914 0.087702 0.194892
6 0.403730 0.696237 0.071573 0.108871
6 0.852823 0.390457 0.080645 0.110215