2 0.440020 0.890457 0.105847 0.153226
3 0.828629 0.517473 0.106855 0.143817
1 0.545867 0.374328 0.083669 0.153226
1 0.928931 0.729167 0.136089 0.145161
5 0.487903 0.595430 0.096774 0.170699
0 0.676411 0.566532 0.084677 0.120968
0 0.518145 0.724462 0.078629 0.119624
0 0.227319 0.800403 0.099798 0.123656
8 0.775202 0.329301 0.090726 0.154570
9 0.557460 0.146505 0.066532 0.143817
9 0.344254 0.169355 0.091734 0.157258
7 0.271169 0.358871 0.096774 0.162634
10 0.607863 0.271505 0.086694 0.178763
11 0.487399 0.114919 0.073589 0.217742
6 0.321069 0.664651 0.093750 0.112903
6 0.719758 0.443548 0.076613 0.108871
6 0.635081 0.835349 0.082661 0.107527