2 0.337702 0.227823 0.080645 0.137097
2 0.878528 0.715726 0.126008 0.142473
3 0.394657 0.720430 0.093750 0.130376
1 0.566028 0.133065 0.071573 0.154570
1 0.201109 0.691532 0.121976 0.142473
5 0.457157 0.304435 0.081653 0.198925
4 0.542339 0.319892 0.084677 0.184140
0 0.444556 0.123656 0.066532 0.122312
0 0.396673 0.331317 0.065524 0.120968
0 0.427419 0.517473 0.074597 0.119624
8 0.569052 0.764785 0.091734 0.146505
8 0.624496 0.203629 0.077621 0.139785
9 0.858871 0.315188 0.092742 0.137097
9 0.593750 0.434812 0.070565 0.139785
7 0.695565 0.206317 0.076613 0.150538
7 0.683972 0.353495 0.081653 0.154570
10 0.684980 0.536290 0.111895 0.170699
11 0.878528 0.448925 0.132056 0.202957
6 0.302923 0.399194 0.077621 0.119624
6 0.762097 0.788978 0.090726 0.116935
6 0.493952 0.194892 0.052419 0.125000