2 0.299899 0.165995 0.091734 0.155914
2 0.906754 0.689516 0.156250 0.157258
3 0.347782 0.692204 0.112903 0.170699
1 0.123488 0.662634 0.150202 0.178763
5 0.425403 0.233871 0.100806 0.245968
4 0.524194 0.253360 0.098790 0.209677
0 0.365927 0.270833 0.078629 0.126344
0 0.426411 0.072581 0.060484 0.125000
8 0.613407 0.144489 0.075605 0.153226
8 0.548387 0.747312 0.100806 0.176075
9 0.598790 0.397177 0.088710 0.153226
9 0.867944 0.254704 0.098790 0.163978
7 0.689012 0.147177 0.077621 0.163978
7 0.685988 0.293011 0.089718 0.181452
10 0.681452 0.491263 0.131048 0.209677
11 0.897681 0.392473 0.146169 0.245968
6 0.253528 0.336694 0.087702 0.139785
6 0.767641 0.778226 0.099798 0.133065