2 0.404234 0.801747 0.112903 0.118280
3 0.812500 0.565188 0.102823 0.104839
1 0.568548 0.382392 0.082661 0.134409
1 0.860383 0.780242 0.123992 0.112903
5 0.490927 0.563172 0.086694 0.149194
0 0.239415 0.684812 0.083669 0.107527
0 0.496472 0.677419 0.075605 0.106183
0 0.654738 0.573925 0.079637 0.111559
8 0.788810 0.377688 0.081653 0.135753
9 0.416835 0.137097 0.071573 0.125000
9 0.612399 0.152554 0.069556 0.129032
7 0.329133 0.301747 0.077621 0.137097
10 0.645665 0.279570 0.085685 0.173387
11 0.549395 0.110887 0.074597 0.188172
6 0.334677 0.584677 0.074597 0.103495
6 0.720262 0.475134 0.075605 0.091398
6 0.581149 0.802419 0.067540 0.092742