2 0.302923 0.168683 0.079637 0.158602
2 0.904738 0.687500 0.148185 0.177419
3 0.346774 0.692204 0.104839 0.151882
1 0.124496 0.663978 0.144153 0.173387
5 0.432460 0.231855 0.092742 0.244624
4 0.522681 0.258737 0.085685 0.204301
0 0.424395 0.069220 0.070565 0.123656
0 0.366935 0.276210 0.076613 0.145161
8 0.545867 0.745968 0.103831 0.165323
8 0.613407 0.145833 0.081653 0.158602
9 0.597278 0.396505 0.093750 0.165323
9 0.870464 0.260081 0.099798 0.155914
7 0.681452 0.297043 0.084677 0.162634
7 0.691028 0.143817 0.077621 0.173387
10 0.687500 0.491935 0.118952 0.216398
11 0.896673 0.387769 0.142137 0.233871
6 0.252520 0.341398 0.085685 0.135753
6 0.767641 0.782930 0.099798 0.123656