2 0.419355 0.122312 0.066532 0.130376
2 0.781250 0.344758 0.086694 0.134409
3 0.595766 0.166667 0.068548 0.127688
4 0.649194 0.221102 0.086694 0.158602
5 0.899194 0.467742 0.137097 0.178763
0 0.529738 0.082661 0.051411 0.110215
0 0.616431 0.350806 0.055444 0.125000
0 0.591734 0.461694 0.062500 0.115591
0 0.645665 0.557124 0.057460 0.102151
7 0.176411 0.240591 0.084677 0.119624
7 0.539315 0.734543 0.074597 0.134409
8 0.393145 0.397177 0.080645 0.142473
9 0.311996 0.655914 0.081653 0.130376
10 0.233871 0.448253 0.114919 0.166667
11 0.190020 0.296371 0.107863 0.182796
6 0.248992 0.221102 0.062500 0.118280
6 0.334677 0.253360 0.056452 0.102151