2 0.567036 0.188172 0.057460 0.114247
2 0.782258 0.614919 0.088710 0.107527
3 0.705645 0.336022 0.070565 0.108871
4 0.713710 0.413306 0.094758 0.145161
5 0.818044 0.811828 0.128024 0.106183
0 0.679435 0.210349 0.054435 0.107527
0 0.634577 0.516801 0.057460 0.099462
0 0.568044 0.596774 0.059476 0.090054
0 0.571573 0.718414 0.060484 0.088710
7 0.329133 0.180780 0.063508 0.126344
7 0.414315 0.792339 0.068548 0.096774
8 0.433468 0.427419 0.082661 0.116935
9 0.284778 0.590726 0.073589 0.099462
10 0.295363 0.393145 0.088710 0.142473
11 0.313508 0.237903 0.082661 0.162634
6 0.394153 0.192876 0.048387 0.099462
6 0.446573 0.265457 0.062500 0.096774