2 0.762601 0.510753 0.079637 0.098118
2 0.388609 0.795699 0.065524 0.098118
3 0.632056 0.713710 0.074597 0.092742
4 0.552923 0.693548 0.089718 0.125000
5 0.225806 0.804435 0.098790 0.115591
0 0.321069 0.517473 0.055444 0.081989
0 0.406250 0.520161 0.064516 0.081989
0 0.476310 0.604167 0.061492 0.083333
0 0.762097 0.692204 0.084677 0.090054
7 0.268145 0.324597 0.078629 0.118280
7 0.739415 0.182796 0.073589 0.114247
8 0.534274 0.336022 0.078629 0.119624
9 0.409778 0.176747 0.063508 0.123656
10 0.546371 0.163978 0.082661 0.154570
11 0.678427 0.157930 0.088710 0.166667
6 0.682964 0.349462 0.069556 0.092742
6 0.743448 0.277554 0.069556 0.094086