2 0.407762 0.859543 0.067540 0.110215
2 0.781754 0.559812 0.081653 0.104839
3 0.647681 0.766801 0.075605 0.102151
4 0.575605 0.770161 0.082661 0.125000
5 0.250504 0.880376 0.097782 0.130376
0 0.333165 0.573925 0.069556 0.090054
0 0.415827 0.568548 0.073589 0.087366
0 0.490423 0.660618 0.059476 0.075269
0 0.781250 0.739247 0.078629 0.079301
7 0.268649 0.375672 0.081653 0.099462
7 0.763609 0.208333 0.079637 0.111559
8 0.547883 0.375000 0.073589 0.119624
9 0.412802 0.202957 0.071573 0.119624
10 0.564516 0.187500 0.076613 0.153226
11 0.691532 0.186828 0.078629 0.159946
6 0.696573 0.387097 0.062500 0.079301
6 0.764113 0.311828 0.076613 0.090054