2 0.810484 0.420699 0.086694 0.146505
2 0.381048 0.711694 0.082661 0.139785
3 0.676411 0.628360 0.078629 0.150538
4 0.575605 0.592070 0.110887 0.209677
5 0.184476 0.702957 0.149194 0.170699
0 0.326613 0.442876 0.066532 0.112903
0 0.413306 0.440860 0.064516 0.108871
0 0.488407 0.527554 0.063508 0.115591
0 0.838710 0.606183 0.074597 0.119624
7 0.280746 0.275538 0.079637 0.135753
7 0.753024 0.159274 0.058468 0.134409
8 0.554435 0.283602 0.072581 0.146505
9 0.427419 0.165995 0.068548 0.142473
10 0.558972 0.149194 0.093750 0.184140
11 0.689012 0.127016 0.075605 0.204301
6 0.707661 0.298387 0.066532 0.127688
6 0.767641 0.236559 0.061492 0.111559