2 0.402218 0.200941 0.056452 0.131720
2 0.546875 0.558468 0.071573 0.147849
3 0.466230 0.635081 0.079637 0.145161
4 0.272177 0.252688 0.100806 0.173387
5 0.269153 0.413306 0.104839 0.198925
0 0.426915 0.264785 0.043347 0.103495
0 0.466734 0.327285 0.052419 0.094086
0 0.454637 0.422043 0.058468 0.114247
0 0.587198 0.804435 0.071573 0.123656
7 0.610887 0.096102 0.056452 0.134409
7 0.954637 0.458333 0.090726 0.149194
8 0.627520 0.212366 0.067540 0.130376
9 0.677419 0.179435 0.064516 0.137097
10 0.729335 0.391801 0.107863 0.188172
11 0.889617 0.354167 0.123992 0.212366
6 0.783770 0.501344 0.073589 0.133065
6 0.891129 0.516129 0.080645 0.114247