2 0.258065 0.430108 0.074597 0.138441
2 0.676411 0.546371 0.080645 0.145161
3 0.698589 0.680108 0.084677 0.130376
4 0.201613 0.611559 0.139113 0.194892
5 0.374496 0.767473 0.113911 0.176075
0 0.329637 0.459677 0.072581 0.114247
0 0.420867 0.459677 0.069556 0.122312
0 0.499496 0.547043 0.073589 0.127688
0 0.871976 0.659946 0.094758 0.122312
7 0.319556 0.134409 0.074597 0.135753
7 0.794859 0.150538 0.075605 0.141129
8 0.444052 0.225134 0.069556 0.142473
9 0.451109 0.150538 0.059476 0.149194
10 0.665827 0.273522 0.095766 0.190860
11 0.717238 0.118280 0.083669 0.205645
6 0.744456 0.298387 0.069556 0.119624
6 0.806956 0.240591 0.073589 0.119624