2 0.590726 0.822581 0.094758 0.130376
2 0.650202 0.288978 0.070565 0.143817
3 0.730343 0.282258 0.071573 0.130376
4 0.803931 0.796371 0.154234 0.172043
5 0.874496 0.561156 0.142137 0.163978
0 0.700101 0.149866 0.065524 0.118280
0 0.661794 0.477823 0.069556 0.118280
0 0.589214 0.575269 0.069556 0.116935
0 0.594254 0.706317 0.085685 0.099462
7 0.302419 0.125000 0.072581 0.138441
7 0.203629 0.793683 0.135081 0.150538
8 0.357863 0.567876 0.096774 0.137097
9 0.253528 0.575269 0.091734 0.130376
10 0.422883 0.273522 0.103831 0.169355
11 0.286794 0.180780 0.093750 0.193548
6 0.380040 0.143145 0.052419 0.118280
6 0.434476 0.209677 0.058468 0.103495