2 0.746976 0.392473 0.084677 0.133065
2 0.426411 0.704301 0.080645 0.149194
3 0.826613 0.446237 0.086694 0.130376
4 0.582661 0.840054 0.127016 0.189516
5 0.793851 0.739919 0.136089 0.177419
0 0.490927 0.638441 0.062500 0.114247
0 0.546875 0.551747 0.073589 0.123656
0 0.654738 0.534274 0.069556 0.115591
0 0.868952 0.330645 0.070565 0.114247
7 0.204637 0.434812 0.096774 0.145161
7 0.550403 0.111559 0.056452 0.135753
8 0.385585 0.381048 0.069556 0.145161
9 0.327117 0.333333 0.071573 0.146505
10 0.574093 0.245968 0.073589 0.165323
11 0.505040 0.116935 0.068548 0.197581
6 0.598286 0.140457 0.047379 0.104839
6 0.609879 0.222446 0.066532 0.110215