2 0.207157 0.473118 0.099798 0.133065
2 0.677419 0.663306 0.090726 0.153226
3 0.416331 0.670027 0.076613 0.145161
4 0.351310 0.543011 0.109879 0.184140
5 0.123992 0.329973 0.125000 0.188172
0 0.352319 0.276882 0.061492 0.119624
0 0.404738 0.337366 0.059476 0.111559
0 0.390121 0.448925 0.068548 0.116935
0 0.543851 0.832661 0.083669 0.126344
7 0.429940 0.144489 0.069556 0.137097
7 0.895665 0.415323 0.109879 0.154570
8 0.598286 0.337366 0.079637 0.141129
9 0.601815 0.155914 0.058468 0.141129
10 0.710685 0.231855 0.084677 0.174731
11 0.828125 0.315188 0.109879 0.215054
6 0.724294 0.479167 0.071573 0.129032
6 0.834677 0.487231 0.078629 0.118280