2 0.800403 0.541667 0.104839 0.154570
2 0.560988 0.793011 0.091734 0.154570
3 0.864415 0.671371 0.113911 0.142473
4 0.652722 0.375672 0.111895 0.212366
5 0.727319 0.865591 0.132056 0.178763
0 0.505544 0.546371 0.069556 0.131720
0 0.618448 0.612903 0.077621 0.133065
7 0.278226 0.234543 0.090726 0.158602
7 0.586190 0.245296 0.077621 0.155914
8 0.436996 0.284946 0.085685 0.154570
10 0.567036 0.151210 0.089718 0.180108
11 0.693548 0.109879 0.080645 0.219758
6 0.792339 0.192876 0.066532 0.115591
6 0.758065 0.274866 0.066532 0.131720