2 0.709677 0.413978 0.094758 0.173387
2 0.739415 0.806452 0.130040 0.170699
3 0.815524 0.452957 0.088710 0.154570
4 0.527722 0.404570 0.107863 0.205645
5 0.893145 0.691532 0.171371 0.215054
0 0.525706 0.674731 0.079637 0.151882
0 0.652218 0.623656 0.080645 0.133065
7 0.375000 0.344086 0.090726 0.162634
7 0.066532 0.659274 0.133065 0.169355
8 0.281250 0.523522 0.096774 0.155914
10 0.293851 0.295027 0.109879 0.193548
11 0.379032 0.155914 0.088710 0.219086
6 0.494456 0.170699 0.061492 0.125000
6 0.521673 0.249328 0.059476 0.126344