2 0.418851 0.745968 0.085685 0.125000
2 0.686492 0.607527 0.084677 0.122312
3 0.707157 0.753360 0.085685 0.115591
4 0.602823 0.397177 0.100806 0.172043
5 0.526714 0.868280 0.081653 0.130376
0 0.439516 0.519489 0.066532 0.102151
0 0.514113 0.622984 0.070565 0.099462
7 0.300907 0.127016 0.093750 0.155914
7 0.593246 0.229839 0.075605 0.141129
8 0.442540 0.231183 0.066532 0.138441
10 0.603831 0.113575 0.084677 0.185484
11 0.738407 0.110215 0.093750 0.202957
6 0.751512 0.321909 0.075605 0.112903
6 0.819556 0.241935 0.078629 0.108871