11 0.378528 0.138441 0.067540 0.194892
7 0.500000 0.106855 0.048387 0.137097
8 0.275706 0.368952 0.071573 0.139785
9 0.644153 0.244624 0.062500 0.127688
6 0.309476 0.175403 0.064516 0.115591
6 0.440524 0.237231 0.050403 0.102151
6 0.768649 0.186156 0.061492 0.104839
6 0.709173 0.266129 0.065524 0.103495
5 0.778730 0.570565 0.119960 0.180108
1 0.231855 0.660618 0.108871 0.137097
1 0.806452 0.388441 0.092742 0.141129
4 0.594254 0.661962 0.113911 0.163978
0 0.500000 0.478495 0.062500 0.116935
0 0.647681 0.399866 0.065524 0.112903
0 0.744456 0.487903 0.077621 0.116935