11 0.337198 0.233199 0.081653 0.196237
7 0.442036 0.159274 0.049395 0.134409
8 0.300403 0.516801 0.084677 0.137097
9 0.621472 0.243280 0.059476 0.130376
6 0.271169 0.300403 0.066532 0.115591
6 0.424395 0.312500 0.060484 0.112903
6 0.710181 0.147177 0.061492 0.112903
6 0.688004 0.244624 0.065524 0.114247
5 0.853327 0.496640 0.123992 0.188172
1 0.811492 0.319892 0.080645 0.141129
1 0.363911 0.829973 0.092742 0.142473
4 0.729335 0.665323 0.121976 0.168011
0 0.556452 0.520161 0.072581 0.116935
0 0.673387 0.386425 0.076613 0.115591
0 0.786794 0.436156 0.075605 0.115591