11 0.300907 0.288978 0.081653 0.192204
7 0.382560 0.194220 0.061492 0.129032
8 0.313508 0.574597 0.080645 0.126344
9 0.568044 0.239247 0.057460 0.127688
6 0.237399 0.370968 0.071573 0.119624
6 0.394153 0.349462 0.066532 0.116935
6 0.577621 0.159946 0.052419 0.108871
6 0.630040 0.129704 0.058468 0.107527
5 0.823589 0.420699 0.112903 0.186828
1 0.755544 0.265457 0.071573 0.134409
4 0.746472 0.600134 0.115927 0.161290
0 0.563004 0.514785 0.067540 0.116935
0 0.641633 0.358199 0.059476 0.118280
0 0.749496 0.380376 0.073589 0.111559