11 0.224294 0.613575 0.126008 0.166667
7 0.267641 0.442876 0.089718 0.134409
8 0.584173 0.775538 0.083669 0.108871
9 0.438004 0.272849 0.065524 0.127688
6 0.417843 0.536962 0.071573 0.115591
6 0.325605 0.762769 0.080645 0.104839
6 0.375000 0.215054 0.058468 0.119624
6 0.372984 0.136425 0.064516 0.118280
5 0.728327 0.157930 0.097782 0.201613
1 0.571069 0.129032 0.067540 0.146505
4 0.818044 0.327285 0.130040 0.172043
0 0.655242 0.449597 0.074597 0.118280
0 0.572581 0.280914 0.058468 0.114247
0 0.644657 0.200269 0.057460 0.111559