11 0.894657 0.809812 0.158266 0.099462
7 0.852823 0.608199 0.114919 0.110215
9 0.694052 0.597446 0.085685 0.107527
8 0.668347 0.143145 0.072581 0.129032
6 0.666331 0.233199 0.068548 0.112903
6 0.612903 0.313172 0.062500 0.116935
6 0.797379 0.813172 0.102823 0.095430
5 0.266633 0.818548 0.117944 0.127688
4 0.292843 0.562500 0.111895 0.163978
1 0.416331 0.121640 0.072581 0.145161
1 0.371976 0.829973 0.082661 0.112903
0 0.398690 0.301075 0.067540 0.100806
0 0.470262 0.493952 0.065524 0.099462
0 0.455645 0.711022 0.082661 0.100806