11 0.893649 0.820565 0.170363 0.096774
7 0.862399 0.615591 0.115927 0.108871
9 0.698589 0.606183 0.084677 0.100806
8 0.676411 0.145833 0.078629 0.134409
6 0.673891 0.236559 0.067540 0.108871
6 0.621976 0.314516 0.064516 0.111559
6 0.800403 0.815860 0.096774 0.095430
5 0.272177 0.815188 0.110887 0.120968
4 0.296371 0.563172 0.110887 0.159946
1 0.422379 0.126344 0.074597 0.138441
1 0.376008 0.823253 0.082661 0.110215
0 0.406250 0.304435 0.072581 0.112903
0 0.477823 0.500000 0.062500 0.095430
0 0.459677 0.711694 0.072581 0.102151