11 0.673891 0.153898 0.079637 0.182796
7 0.588206 0.112231 0.057460 0.131720
9 0.730847 0.426747 0.068548 0.123656
8 0.501008 0.172043 0.058468 0.127688
6 0.893649 0.497312 0.081653 0.095430
6 0.633569 0.426075 0.055444 0.114247
6 0.543851 0.312500 0.049395 0.107527
6 0.541331 0.227823 0.048387 0.096774
5 0.239919 0.351478 0.100806 0.174731
4 0.407258 0.624328 0.098790 0.174731
1 0.316028 0.315188 0.075605 0.134409
1 0.654738 0.826613 0.083669 0.122312
0 0.407258 0.353495 0.056452 0.103495
0 0.391633 0.446237 0.065524 0.106183
0 0.541331 0.523522 0.062500 0.107527
0 0.643649 0.673387 0.065524 0.103495