11 0.249496 0.245296 0.099798 0.212366
7 0.154738 0.390457 0.095766 0.145161
9 0.512097 0.209005 0.052419 0.129032
8 0.248488 0.512097 0.091734 0.138441
6 0.313508 0.450941 0.086694 0.126344
6 0.412298 0.429435 0.068548 0.123656
6 0.521169 0.312500 0.066532 0.118280
6 0.538306 0.086694 0.046371 0.110215
5 0.563004 0.866935 0.097782 0.162634
4 0.784274 0.501344 0.120968 0.184140
1 0.468246 0.781586 0.077621 0.142473
1 0.828125 0.268817 0.091734 0.146505
0 0.484879 0.621640 0.074597 0.120968
0 0.593750 0.622984 0.076613 0.118280
0 0.631552 0.407930 0.071573 0.123656
0 0.719254 0.288978 0.067540 0.114247