11 0.470262 0.098454 0.077621 0.196909
7 0.341734 0.127688 0.070565 0.151882
9 0.690020 0.284274 0.071573 0.134409
8 0.319556 0.268145 0.070565 0.145161
6 0.393649 0.288978 0.067540 0.125000
6 0.463206 0.350134 0.067540 0.123656
6 0.615927 0.366263 0.068548 0.118280
6 0.816532 0.221774 0.082661 0.125000
5 0.251512 0.746640 0.128024 0.161290
4 0.650706 0.768817 0.126008 0.170699
1 0.261593 0.614247 0.103831 0.143817
1 0.912298 0.667339 0.127016 0.137097
0 0.380544 0.540995 0.075605 0.120968
0 0.448085 0.647849 0.077621 0.114247
0 0.622984 0.539651 0.074597 0.112903
0 0.799899 0.567204 0.077621 0.111559