11 0.371976 0.138441 0.072581 0.211022
7 0.257056 0.549731 0.104839 0.146505
9 0.513609 0.211694 0.067540 0.137097
8 0.376008 0.280242 0.074597 0.134409
6 0.373992 0.398522 0.078629 0.123656
6 0.432964 0.235887 0.063508 0.118280
6 0.537802 0.073925 0.061492 0.119624
5 0.880040 0.346102 0.133065 0.204301
4 0.818548 0.500000 0.137097 0.173387
1 0.503024 0.812500 0.094758 0.169355
1 0.840726 0.256720 0.092742 0.149194
0 0.537802 0.444220 0.073589 0.126344
0 0.653226 0.415323 0.084677 0.138441
0 0.736391 0.286290 0.065524 0.108871