11 0.223790 0.331317 0.112903 0.196237
7 0.354839 0.795027 0.096774 0.134409
9 0.392137 0.294355 0.072581 0.133065
8 0.300907 0.461694 0.093750 0.129032
6 0.336190 0.158602 0.065524 0.122312
6 0.327117 0.380376 0.071573 0.106183
6 0.366431 0.566532 0.065524 0.120968
5 0.755040 0.186156 0.098790 0.209677
4 0.782762 0.356855 0.109879 0.198925
1 0.675907 0.146505 0.071573 0.154570
1 0.709173 0.820565 0.107863 0.139785
0 0.537298 0.471102 0.060484 0.123656
0 0.603831 0.385081 0.068548 0.120968
0 0.609879 0.220430 0.066532 0.119624