11 0.502016 0.136425 0.072581 0.206989
7 0.265121 0.465054 0.088710 0.138441
9 0.617440 0.280242 0.063508 0.129032
8 0.459173 0.270161 0.069556 0.143817
6 0.705141 0.151882 0.063508 0.116935
6 0.414315 0.379704 0.058468 0.102151
6 0.527218 0.265457 0.058468 0.112903
5 0.907258 0.650538 0.157258 0.165323
4 0.759577 0.753360 0.132056 0.163978
1 0.345766 0.824597 0.098790 0.137097
1 0.933972 0.522177 0.115927 0.139785
0 0.803931 0.482527 0.075605 0.111559
0 0.644657 0.553091 0.077621 0.115591
0 0.539315 0.514113 0.068548 0.104839