5 0.820565 0.214382 0.137097 0.169355
3 0.664315 0.321909 0.092742 0.120968
4 0.833669 0.626344 0.149194 0.135753
2 0.734375 0.430780 0.105847 0.112903
2 0.751008 0.849462 0.118952 0.108871
1 0.666835 0.616935 0.103831 0.100806
7 0.292843 0.075605 0.085685 0.151210
8 0.332157 0.835349 0.087702 0.110215
8 0.436996 0.514113 0.075605 0.104839
10 0.247984 0.593414 0.110887 0.142473
11 0.270665 0.364919 0.087702 0.166667
6 0.369960 0.296371 0.060484 0.120968
6 0.442036 0.395161 0.055444 0.092742
6 0.510585 0.723790 0.065524 0.083333