7 0.612903 0.913978 0.133065 0.149194
11 0.772681 0.619624 0.154234 0.181452
8 0.828629 0.317876 0.100806 0.142473
8 0.662298 0.429435 0.082661 0.137097
10 0.837198 0.473790 0.138105 0.166667
6 0.665323 0.270833 0.068548 0.110215
6 0.601815 0.506048 0.072581 0.107527
6 0.646169 0.654570 0.080645 0.108871
5 0.193548 0.262769 0.088710 0.236559
3 0.385081 0.373656 0.068548 0.143817
1 0.527218 0.196909 0.072581 0.153226
2 0.554940 0.087366 0.067540 0.135753
2 0.389617 0.241935 0.081653 0.154570
4 0.432964 0.097446 0.087702 0.174731