7 0.923891 0.559140 0.126008 0.149194
11 0.794859 0.299059 0.117944 0.196237
8 0.575101 0.088710 0.067540 0.146505
8 0.619960 0.295027 0.078629 0.147849
10 0.708669 0.182796 0.098790 0.170699
6 0.489919 0.197581 0.056452 0.116935
6 0.657762 0.390457 0.071573 0.120968
6 0.768145 0.426075 0.082661 0.108871
5 0.360887 0.753360 0.096774 0.188172
3 0.496472 0.564516 0.083669 0.143817
1 0.390121 0.285618 0.066532 0.163978
2 0.272177 0.180780 0.074597 0.142473
2 0.388609 0.487231 0.079637 0.147849
4 0.232359 0.330645 0.103831 0.205645