7 0.898185 0.344086 0.112903 0.151882
11 0.713710 0.181452 0.110887 0.211022
8 0.417843 0.092070 0.061492 0.161290
8 0.574093 0.278226 0.073589 0.168011
10 0.585181 0.110887 0.085685 0.177419
6 0.404234 0.264785 0.058468 0.130376
6 0.737399 0.309812 0.079637 0.107527
6 0.646673 0.342070 0.071573 0.118280
5 0.650202 0.918011 0.149194 0.159946
3 0.625504 0.627016 0.091734 0.137097
1 0.374496 0.437500 0.075605 0.158602
2 0.490423 0.638441 0.085685 0.154570
2 0.200101 0.344758 0.126008 0.174731
4 0.262097 0.603495 0.116935 0.200269