7 0.281250 0.135081 0.082661 0.158602
11 0.284274 0.325941 0.092742 0.250000
8 0.416331 0.857527 0.094758 0.149194
8 0.462198 0.459005 0.087702 0.155914
10 0.290323 0.577285 0.118952 0.206989
6 0.356855 0.298387 0.062500 0.135753
6 0.463710 0.366263 0.068548 0.118280
6 0.599294 0.660618 0.085685 0.123656
5 0.778226 0.161962 0.106855 0.204301
3 0.654234 0.258737 0.076613 0.142473
1 0.743952 0.530242 0.114919 0.147849
2 0.750504 0.346102 0.099798 0.137097
2 0.881048 0.728495 0.139113 0.154570
4 0.901210 0.482527 0.153226 0.186828