7 0.295867 0.432124 0.156250 0.204301
11 0.474294 0.737231 0.097782 0.223118
8 0.594254 0.553091 0.085685 0.166667
8 0.899698 0.742608 0.144153 0.166667
10 0.730343 0.795027 0.154234 0.206989
6 0.396169 0.631720 0.072581 0.130376
6 0.497984 0.532930 0.070565 0.129032
6 0.771673 0.500672 0.091734 0.123656
5 0.421371 0.096438 0.066532 0.192876
3 0.453629 0.260081 0.066532 0.158602
1 0.700101 0.311828 0.087702 0.154570
2 0.834173 0.293011 0.087702 0.154570
2 0.549899 0.213710 0.075605 0.159946
4 0.700605 0.172715 0.096774 0.177419