7 0.284778 0.772177 0.138105 0.217742
11 0.627520 0.702957 0.134073 0.211022
8 0.648185 0.487231 0.096774 0.161290
8 0.936492 0.520833 0.127016 0.147849
10 0.844758 0.643817 0.165323 0.205645
6 0.497984 0.644489 0.076613 0.134409
6 0.552923 0.502688 0.075605 0.133065
6 0.762601 0.371640 0.091734 0.129032
5 0.321573 0.109879 0.070565 0.219758
3 0.414819 0.262097 0.061492 0.157258
1 0.651714 0.225806 0.077621 0.157258
2 0.488407 0.187500 0.073589 0.163978
2 0.746976 0.165323 0.072581 0.151882
4 0.607359 0.095430 0.089718 0.181452