7 0.526210 0.942540 0.110887 0.114919
11 0.734375 0.608871 0.140121 0.219086
8 0.639617 0.423387 0.091734 0.157258
8 0.834677 0.317876 0.100806 0.155914
10 0.843750 0.456989 0.135081 0.197581
6 0.656754 0.270161 0.067540 0.122312
6 0.599798 0.644489 0.082661 0.134409
6 0.568548 0.493280 0.076613 0.133065
5 0.260081 0.268145 0.141129 0.287634
3 0.337702 0.355511 0.070565 0.158602
1 0.512097 0.204973 0.064516 0.163978
2 0.558468 0.096774 0.052419 0.146505
2 0.357863 0.242608 0.062500 0.172043
4 0.410282 0.100806 0.080645 0.186828