7 0.783770 0.882392 0.138105 0.172043
11 0.837198 0.491935 0.142137 0.232527
8 0.798387 0.217742 0.084677 0.149194
8 0.686492 0.372312 0.092742 0.154570
10 0.862399 0.338710 0.123992 0.186828
6 0.638105 0.229167 0.064516 0.120968
6 0.646169 0.455645 0.074597 0.130376
6 0.721270 0.580645 0.083669 0.133065
5 0.193548 0.345430 0.108871 0.240591
3 0.390625 0.415995 0.079637 0.158602
1 0.495464 0.209005 0.061492 0.155914
2 0.497480 0.100806 0.061492 0.130376
2 0.369456 0.297715 0.075605 0.153226
4 0.365423 0.138441 0.079637 0.192204