7 0.768649 0.865591 0.146169 0.168011
11 0.823589 0.481855 0.131048 0.233871
8 0.674395 0.364247 0.088710 0.154570
8 0.785786 0.213710 0.083669 0.143817
10 0.847278 0.329301 0.119960 0.194892
6 0.625000 0.221102 0.056452 0.126344
6 0.634577 0.446909 0.075605 0.131720
6 0.709173 0.571909 0.083669 0.123656
5 0.214214 0.346102 0.119960 0.266129
3 0.384073 0.411290 0.080645 0.151882
1 0.486391 0.205645 0.063508 0.146505
2 0.357863 0.294355 0.072581 0.154570
2 0.487399 0.096102 0.059476 0.131720
4 0.354839 0.135753 0.084677 0.181452