7 0.911290 0.467742 0.131048 0.173387
11 0.726310 0.227151 0.093750 0.227151
8 0.493952 0.090054 0.056452 0.151882
8 0.559476 0.266801 0.078629 0.161290
10 0.623992 0.138441 0.080645 0.178763
6 0.414315 0.205645 0.062500 0.125000
6 0.600302 0.341398 0.067540 0.127688
6 0.711190 0.364247 0.075605 0.130376
5 0.273690 0.718414 0.130040 0.233871
3 0.446069 0.537634 0.075605 0.162634
1 0.319052 0.299059 0.077621 0.166667
2 0.316028 0.506048 0.093750 0.169355
2 0.204133 0.221102 0.085685 0.145161
4 0.153730 0.360215 0.121976 0.213710