7 0.912298 0.758065 0.155242 0.168011
11 0.843750 0.377688 0.131048 0.235215
8 0.711694 0.130376 0.074597 0.146505
8 0.665323 0.309140 0.088710 0.157258
10 0.807964 0.232527 0.107863 0.184140
6 0.575101 0.191532 0.063508 0.120968
6 0.656754 0.413306 0.073589 0.137097
6 0.765121 0.500000 0.088710 0.138441
5 0.185988 0.483871 0.126008 0.254032
3 0.408770 0.472446 0.077621 0.161290
1 0.436492 0.217742 0.060484 0.159946
2 0.329637 0.370968 0.088710 0.178763
2 0.393649 0.109543 0.073589 0.137097
4 0.280242 0.193548 0.090726 0.192204