2 0.202621 0.219758 0.084677 0.153226
2 0.316532 0.507392 0.096774 0.163978
1 0.317540 0.298387 0.084677 0.176075
4 0.152722 0.354839 0.126008 0.213710
3 0.442540 0.538306 0.086694 0.169355
5 0.274194 0.721774 0.131048 0.229839
8 0.497480 0.095430 0.055444 0.151882
8 0.558972 0.266129 0.073589 0.159946
10 0.627016 0.134409 0.068548 0.170699
7 0.916331 0.471774 0.129032 0.165323
11 0.728831 0.227151 0.098790 0.227151
6 0.419355 0.209005 0.054435 0.120968
6 0.598790 0.345430 0.066532 0.130376
6 0.711190 0.362903 0.073589 0.122312