2 0.152722 0.297715 0.095766 0.158602
2 0.372984 0.575269 0.088710 0.181452
1 0.310988 0.356855 0.089718 0.188172
4 0.140121 0.457661 0.155242 0.244624
3 0.513105 0.573925 0.084677 0.181452
5 0.404738 0.826613 0.113911 0.248656
8 0.434476 0.108871 0.058468 0.146505
8 0.545867 0.266801 0.073589 0.166667
10 0.580645 0.134409 0.078629 0.181452
7 0.920363 0.386425 0.118952 0.174731
11 0.703125 0.198253 0.093750 0.233871
6 0.384073 0.233871 0.058468 0.135753
6 0.603327 0.342070 0.065524 0.137097
6 0.717742 0.330645 0.078629 0.130376