2 0.207157 0.603495 0.093750 0.159946
2 0.594758 0.657930 0.086694 0.158602
1 0.394153 0.528898 0.088710 0.155914
4 0.363407 0.741263 0.138105 0.215054
3 0.681452 0.548387 0.086694 0.149194
5 0.798891 0.786962 0.154234 0.209677
8 0.288810 0.192204 0.073589 0.157258
8 0.502016 0.280242 0.068548 0.166667
10 0.425907 0.133737 0.085685 0.188172
7 0.796875 0.167339 0.083669 0.155914
11 0.585685 0.128360 0.072581 0.212366
6 0.343750 0.360887 0.066532 0.120968
6 0.584677 0.305780 0.056452 0.123656
6 0.648185 0.229167 0.064516 0.118280