2 0.149698 0.473118 0.101815 0.157258
2 0.499496 0.637769 0.079637 0.169355
1 0.338206 0.461022 0.093750 0.170699
4 0.236895 0.641801 0.151210 0.220430
3 0.616431 0.563172 0.095766 0.165323
5 0.654738 0.834005 0.128024 0.215054
8 0.335685 0.140457 0.064516 0.150538
8 0.514113 0.256048 0.062500 0.169355
10 0.479335 0.108871 0.077621 0.186828
7 0.851815 0.223118 0.096774 0.165323
11 0.631552 0.135081 0.077621 0.220430
6 0.341734 0.296371 0.066532 0.129032
6 0.588710 0.304435 0.062500 0.126344
6 0.677419 0.247312 0.062500 0.116935