2 0.318044 0.702957 0.087702 0.143817
2 0.698589 0.630376 0.096774 0.138441
1 0.477319 0.561156 0.081653 0.142473
4 0.536794 0.778898 0.113911 0.174731
3 0.736895 0.510081 0.090726 0.134409
5 0.890121 0.695565 0.157258 0.174731
8 0.269657 0.241935 0.071573 0.149194
8 0.507056 0.280914 0.062500 0.159946
10 0.401210 0.141129 0.080645 0.186828
7 0.740927 0.113575 0.080645 0.153226
11 0.557460 0.112903 0.074597 0.205645
6 0.381048 0.409946 0.064516 0.125000
6 0.588206 0.289651 0.069556 0.110215
6 0.624496 0.197581 0.055444 0.114247