2 0.261089 0.796371 0.082661 0.118280
2 0.637097 0.740591 0.082661 0.130376
1 0.429940 0.660618 0.083669 0.126344
4 0.457661 0.904570 0.127016 0.162634
3 0.692036 0.616263 0.089718 0.112903
5 0.825605 0.831989 0.151210 0.135753
8 0.237903 0.285618 0.078629 0.147849
8 0.477823 0.340726 0.064516 0.150538
10 0.373992 0.176075 0.084677 0.178763
7 0.743448 0.160618 0.087702 0.150538
11 0.542843 0.155914 0.081653 0.202957
6 0.338206 0.481183 0.067540 0.111559
6 0.566532 0.357527 0.068548 0.103495
6 0.612399 0.247984 0.067540 0.110215