2 0.704133 0.431452 0.097782 0.100806
2 0.698589 0.877688 0.106855 0.108871
1 0.627016 0.668011 0.090726 0.114247
4 0.797883 0.661290 0.140121 0.135753
3 0.617440 0.336022 0.073589 0.111559
5 0.795363 0.250000 0.131048 0.168011
8 0.376512 0.544355 0.085685 0.098118
8 0.284274 0.894489 0.092742 0.118280
10 0.187500 0.669355 0.137097 0.133065
7 0.235887 0.094086 0.088710 0.159946
11 0.209677 0.436828 0.106855 0.135753
6 0.305444 0.331989 0.070565 0.106183
6 0.395161 0.436828 0.062500 0.092742
6 0.464718 0.763441 0.064516 0.100806