2 0.735383 0.370296 0.097782 0.129032
2 0.760081 0.825269 0.125000 0.119624
1 0.668851 0.594086 0.105847 0.122312
4 0.846774 0.576613 0.145161 0.159946
3 0.648690 0.280242 0.077621 0.139785
5 0.813004 0.200941 0.123992 0.188172
8 0.411794 0.464382 0.077621 0.120968
8 0.300907 0.828629 0.093750 0.112903
10 0.217742 0.557796 0.133065 0.168011
7 0.290827 0.073589 0.077621 0.147177
11 0.249496 0.331317 0.093750 0.201613
6 0.348286 0.261425 0.065524 0.118280
6 0.431956 0.360887 0.061492 0.110215
6 0.503024 0.692876 0.072581 0.102151