2 0.592238 0.274866 0.073589 0.137097
2 0.864415 0.442204 0.089718 0.135753
1 0.720262 0.426747 0.091734 0.131720
4 0.768649 0.268817 0.113911 0.168011
3 0.500504 0.307124 0.063508 0.137097
5 0.521673 0.122312 0.067540 0.197581
8 0.780746 0.905914 0.111895 0.125000
8 0.552419 0.631048 0.076613 0.131720
10 0.590726 0.891129 0.110887 0.154570
7 0.153226 0.612231 0.104839 0.134409
11 0.411290 0.782258 0.086694 0.149194
6 0.370464 0.640457 0.067540 0.118280
6 0.474798 0.582661 0.068548 0.094086
6 0.738407 0.636425 0.091734 0.096774