2 0.625000 0.270833 0.074597 0.134409
2 0.851310 0.536962 0.097782 0.134409
1 0.702621 0.459677 0.088710 0.130376
4 0.790827 0.327285 0.103831 0.163978
3 0.531250 0.268145 0.064516 0.129032
5 0.593246 0.108871 0.069556 0.189516
8 0.480847 0.573253 0.064516 0.126344
8 0.614919 0.917339 0.096774 0.112903
10 0.425403 0.795699 0.104839 0.154570
7 0.147681 0.389785 0.097782 0.149194
11 0.305948 0.630376 0.091734 0.168011
6 0.316532 0.493952 0.066532 0.107527
6 0.432964 0.493952 0.063508 0.102151
6 0.655242 0.655242 0.076613 0.104839