2 0.723286 0.124328 0.073589 0.147849
2 0.439516 0.182796 0.070565 0.151882
1 0.617944 0.221102 0.076613 0.150538
4 0.575605 0.075605 0.086694 0.151210
3 0.390121 0.290995 0.066532 0.142473
5 0.296371 0.105847 0.092742 0.211694
8 0.620968 0.514785 0.084677 0.122312
8 0.889617 0.527554 0.117944 0.131720
10 0.792339 0.672715 0.139113 0.153226
7 0.288810 0.892473 0.107863 0.108871
11 0.621976 0.751344 0.110887 0.133065
6 0.483367 0.694892 0.073589 0.100806
6 0.530242 0.543683 0.066532 0.099462
6 0.732863 0.363575 0.080645 0.107527