2 0.335181 0.109543 0.095766 0.142473
2 0.300907 0.546371 0.099798 0.112903
1 0.396169 0.299731 0.078629 0.135753
4 0.223286 0.285618 0.121976 0.177419
3 0.398185 0.655242 0.080645 0.110215
5 0.180948 0.747984 0.140121 0.112903
8 0.716734 0.106855 0.092742 0.145161
8 0.649698 0.424059 0.091734 0.110215
10 0.818044 0.281586 0.132056 0.163978
7 0.836694 0.921371 0.122984 0.137097
11 0.832157 0.500000 0.128024 0.130376
6 0.551411 0.223118 0.064516 0.122312
6 0.635081 0.545027 0.064516 0.086022
6 0.736391 0.642473 0.077621 0.090054